==================
diff=128
diffpos=128
Bguesskey[8]=Bguesskey[12]
Bguesskey[10]=Bguesskey[14]
Bguesskey[11]=Bguesskey[15]
==================
0
4
17
21
34
38
51
55
64
68
81
85
98
102
115
119
136
140
153
157
170
174
187
191
200
204
217
221
234
238
251
255
256
260
273
277
290
294
307
311
320
324
337
341
354
358
371
375
392
396
409
413
426
430
443
447
456
460
473
477
490
494
507
511
512
516
529
533
546
550
563
567
576
580
593
597
610
614
627
631
648
652
665
669
682
686
699
703
712
716
729
733
746
750
763
767
768
772
785
789
802
806
819
823
832
836
849
853
866
870
883
887
904
908
921
925
938
942
955
959
968
972
985
989
1002
1006
1019
1023
1024
1028
1041
1045
1058
1062
1075
1079
1088
1092
1105
1109
1122
1126
1139
1143
1160
1164
1177
1181
1194
1198
1211
1215
1224
1228
1241
1245
1258
1262
1275
1279
1280
1284
1297
1301
1314
1318
1331
1335
1344
1348
1361
1365
1378
1382
1395
1399
1416
1420
1433
1437
1450
1454
1467
1471
1480
1484
1497
1501
1514
1518
1531
1535
1536
1540
1553
1557
1570
1574
1587
1591
1600
1604
1617
1621
1634
1638
1651
1655
1672
1676
1689
1693
1706
1710
1723
1727
1736
1740
1753
1757
1770
1774
1787
1791
1792
1796
1809
1813
1826
1830
1843
1847
1856
1860
1873
1877
1890
1894
1907
1911
1928
1932
1945
1949
1962
1966
1979
1983
1992
1996
2009
2013
2026
2030
2043
2047
2048
2052
2065
2069
2082
2086
2099
2103
2112
2116
2129
2133
2146
2150
2163
2167
2184
2188
2201
2205
2218
2222
2235
2239
2248
2252
2265
2269
2282
2286
2299
2303
2304
2308
2321
2325
2338
2342
2355
2359
2368
2372
2385
2389
2402
2406
2419
2423
2440
2444
2457
2461
2474
2478
2491
2495
2504
2508
2521
2525
2538
2542
2555
2559
2560
2564
2577
2581
2594
2598
2611
2615
2624
2628
2641
2645
2658
2662
2675
2679
2696
2700
2713
2717
2730
2734
2747
2751
2760
2764
2777
2781
2794
2798
2811
2815
2816
2820
2833
2837
2850
2854
2867
2871
2880
2884
2897
2901
2914
2918
2931
2935
2952
2956
2969
2973
2986
2990
3003
3007
3016
3020
3033
3037
3050
3054
3067
3071
3072
3076
3089
3093
3106
3110
3123
3127
3136
3140
3153
3157
3170
3174
3187
3191
3208
3212
3225
3229
3242
3246
3259
3263
3272
3276
3289
3293
3306
3310
3323
3327
3328
3332
3345
3349
3362
3366
3379
3383
3392
3396
3409
3413
3426
3430
3443
3447
3464
3468
3481
3485
3498
3502
3515
3519
3528
3532
3545
3549
3562
3566
3579
3583
3584
3588
3601
3605
3618
3622
3635
3639
3648
3652
3665
3669
3682
3686
3699
3703
3720
3724
3737
3741
3754
3758
3771
3775
3784
3788
3801
3805
3818
3822
3835
3839
3840
3844
3857
3861
3874
3878
3891
3895
3904
3908
3921
3925
3938
3942
3955
3959
3976
3980
3993
3997
4010
4014
4027
4031
4040
4044
4057
4061
4074
4078
4091
4095
4096
4100
4113
4117
4130
4134
4147
4151
4160
4164
4177
4181
4194
4198
4211
4215
4232
4236
4249
4253
4266
4270
4283
4287
4296
4300
4313
4317
4330
4334
4347
4351
4352
4356
4369
4373
4386
4390
4403
4407
4416
4420
4433
4437
4450
4454
4467
4471
4488
4492
4505
4509
4522
4526
4539
4543
4552
4556
4569
4573
4586
4590
4603
4607
4608
4612
4625
4629
4642
4646
4659
4663
4672
4676
4689
4693
4706
4710
4723
4727
4744
4748
4761
4765
4778
4782
4795
4799
4808
4812
4825
4829
4842
4846
4859
4863
4864
4868
4881
4885
4898
4902
4915
4919
4928
4932
4945
4949
4962
4966
4979
4983
5000
5004
5017
5021
5034
5038
5051
5055
5064
5068
5081
5085
5098
5102
5115
5119
5120
5124
5137
5141
5154
5158
5171
5175
5184
5188
5201
5205
5218
5222
5235
5239
5256
5260
5273
5277
5290
5294
5307
5311
5320
5324
5337
5341
5354
5358
5371
5375
5376
5380
5393
5397
5410
5414
5427
5431
5440
5444
5457
5461
5474
5478
5491
5495
5512
5516
5529
5533
5546
5550
5563
5567
5576
5580
5593
5597
5610
5614
5627
5631
5632
5636
5649
5653
5666
5670
5683
5687
5696
5700
5713
5717
5730
5734
5747
5751
5768
5772
5785
5789
5802
5806
5819
5823
5832
5836
5849
5853
5866
5870
5883
5887
5888
5892
5905
5909
5922
5926
5939
5943
5952
5956
5969
5973
5986
5990
6003
6007
6024
6028
6041
6045
6058
6062
6075
6079
6088
6092
6105
6109
6122
6126
6139
6143
6144
6148
6161
6165
6178
6182
6195
6199
6208
6212
6225
6229
6242
6246
6259
6263
6280
6284
6297
6301
6314
6318
6331
6335
6344
6348
6361
6365
6378
6382
6395
6399
6400
6404
6417
6421
6434
6438
6451
6455
6464
6468
6481
6485
6498
6502
6515
6519
6536
6540
6553
6557
6570
6574
6587
6591
6600
6604
6617
6621
6634
6638
6651
6655
6656
6660
6673
6677
6690
6694
6707
6711
6720
6724
6737
6741
6754
6758
6771
6775
6792
6796
6809
6813
6826
6830
6843
6847
6856
6860
6873
6877
6890
6894
6907
6911
6912
6916
6929
6933
6946
6950
6963
6967
6976
6980
6993
6997
7010
7014
7027
7031
7048
7052
7065
7069
7082
7086
7099
7103
7112
7116
7129
7133
7146
7150
7163
7167
7168
7172
7185
7189
7202
7206
7219
7223
7232
7236
7249
7253
7266
7270
7283
7287
7304
7308
7321
7325
7338
7342
7355
7359
7368
7372
7385
7389
7402
7406
7419
7423
7424
7428
7441
7445
7458
7462
7475
7479
7488
7492
7505
7509
7522
7526
7539
7543
7560
7564
7577
7581
7594
7598
7611
7615
7624
7628
7641
7645
7658
7662
7675
7679
7680
7684
7697
7701
7714
7718
7731
7735
7744
7748
7761
7765
7778
7782
7795
7799
7816
7820
7833
7837
7850
7854
7867
7871
7880
7884
7897
7901
7914
7918
7931
7935
7936
7940
7953
7957
7970
7974
7987
7991
8000
8004
8017
8021
8034
8038
8051
8055
8072
8076
8089
8093
8106
8110
8123
8127
8136
8140
8153
8157
8170
8174
8187
8191
8192
8196
8209
8213
8226
8230
8243
8247
8256
8260
8273
8277
8290
8294
8307
8311
8328
8332
8345
8349
8362
8366
8379
8383
8392
8396
8409
8413
8426
8430
8443
8447
8448
8452
8465
8469
8482
8486
8499
8503
8512
8516
8529
8533
8546
8550
8563
8567
8584
8588
8601
8605
8618
8622
8635
8639
8648
8652
8665
8669
8682
8686
8699
8703
8704
8708
8721
8725
8738
8742
8755
8759
8768
8772
8785
8789
8802
8806
8819
8823
8840
8844
8857
8861
8874
8878
8891
8895
8904
8908
8921
8925
8938
8942
8955
8959
8960
8964
8977
8981
8994
8998
9011
9015
9024
9028
9041
9045
9058
9062
9075
9079
9096
9100
9113
9117
9130
9134
9147
9151
9160
9164
9177
9181
9194
9198
9211
9215
9216
9220
9233
9237
9250
9254
9267
9271
9280
9284
9297
9301
9314
9318
9331
9335
9352
9356
9369
9373
9386
9390
9403
9407
9416
9420
9433
9437
9450
9454
9467
9471
9472
9476
9489
9493
9506
9510
9523
9527
9536
9540
9553
9557
9570
9574
9587
9591
9608
9612
9625
9629
9642
9646
9659
9663
9672
9676
9689
9693
9706
9710
9723
9727
9728
9732
9745
9749
9762
9766
9779
9783
9792
9796
9809
9813
9826
9830
9843
9847
9864
9868
9881
9885
9898
9902
9915
9919
9928
9932
9945
9949
9962
9966
9979
9983
9984
9988
10001
10005
10018
10022
10035
10039
10048
10052
10065
10069
10082
10086
10099
10103
10120
10124
10137
10141
10154
10158
10171
10175
10184
10188
10201
10205
10218
10222
10235
10239
10240
10244
10257
10261
10274
10278
10291
10295
10304
10308
10321
10325
10338
10342
10355
10359
10376
10380
10393
10397
10410
10414
10427
10431
10440
10444
10457
10461
10474
10478
10491
10495
10496
10500
10513
10517
10530
10534
10547
10551
10560
10564
10577
10581
10594
10598
10611
10615
10632
10636
10649
10653
10666
10670
10683
10687
10696
10700
10713
10717
10730
10734
10747
10751
10752
10756
10769
10773
10786
10790
10803
10807
10816
10820
10833
10837
10850
10854
10867
10871
10888
10892
10905
10909
10922
10926
10939
10943
10952
10956
10969
10973
10986
10990
11003
11007
11008
11012
11025
11029
11042
11046
11059
11063
11072
11076
11089
11093
11106
11110
11123
11127
11144
11148
11161
11165
11178
11182
11195
11199
11208
11212
11225
11229
11242
11246
11259
11263
11264
11268
11281
11285
11298
11302
11315
11319
11328
11332
11345
11349
11362
11366
11379
11383
11400
11404
11417
11421
11434
11438
11451
11455
11464
11468
11481
11485
11498
11502
11515
11519
11520
11524
11537
11541
11554
11558
11571
11575
11584
11588
11601
11605
11618
11622
11635
11639
11656
11660
11673
11677
11690
11694
11707
11711
11720
11724
11737
11741
11754
11758
11771
11775
11776
11780
11793
11797
11810
11814
11827
11831
11840
11844
11857
11861
11874
11878
11891
11895
11912
11916
11929
11933
11946
11950
11963
11967
11976
11980
11993
11997
12010
12014
12027
12031
12032
12036
12049
12053
12066
12070
12083
12087
12096
12100
12113
12117
12130
12134
12147
12151
12168
12172
12185
12189
12202
12206
12219
12223
12232
12236
12249
12253
12266
12270
12283
12287
12288
12292
12305
12309
12322
12326
12339
12343
12352
12356
12369
12373
12386
12390
12403
12407
12424
12428
12441
12445
12458
12462
12475
12479
12488
12492
12505
12509
12522
12526
12539
12543
12544
12548
12561
12565
12578
12582
12595
12599
12608
12612
12625
12629
12642
12646
12659
12663
12680
12684
12697
12701
12714
12718
12731
12735
12744
12748
12761
12765
12778
12782
12795
12799
12800
12804
12817
12821
12834
12838
12851
12855
12864
12868
12881
12885
12898
12902
12915
12919
12936
12940
12953
12957
12970
12974
12987
12991
13000
13004
13017
13021
13034
13038
13051
13055
13056
13060
13073
13077
13090
13094
13107
13111
13120
13124
13137
13141
13154
13158
13171
13175
13192
13196
13209
13213
13226
13230
13243
13247
13256
13260
13273
13277
13290
13294
13307
13311
13312
13316
13329
13333
13346
13350
13363
13367
13376
13380
13393
13397
13410
13414
13427
13431
13448
13452
13465
13469
13482
13486
13499
13503
13512
13516
13529
13533
13546
13550
13563
13567
13568
13572
13585
13589
13602
13606
13619
13623
13632
13636
13649
13653
13666
13670
13683
13687
13704
13708
13721
13725
13738
13742
13755
13759
13768
13772
13785
13789
13802
13806
13819
13823
13824
13828
13841
13845
13858
13862
13875
13879
13888
13892
13905
13909
13922
13926
13939
13943
13960
13964
13977
13981
13994
13998
14011
14015
14024
14028
14041
14045
14058
14062
14075
14079
14080
14084
14097
14101
14114
14118
14131
14135
14144
14148
14161
14165
14178
14182
14195
14199
14216
14220
14233
14237
14250
14254
14267
14271
14280
14284
14297
14301
14314
14318
14331
14335
14336
14340
14353
14357
14370
14374
14387
14391
14400
14404
14417
14421
14434
14438
14451
14455
14472
14476
14489
14493
14506
14510
14523
14527
14536
14540
14553
14557
14570
14574
14587
14591
14592
14596
14609
14613
14626
14630
14643
14647
14656
14660
14673
14677
14690
14694
14707
14711
14728
14732
14745
14749
14762
14766
14779
14783
14792
14796
14809
14813
14826
14830
14843
14847
14848
14852
14865
14869
14882
14886
14899
14903
14912
14916
14929
14933
14946
14950
14963
14967
14984
14988
15001
15005
15018
15022
15035
15039
15048
15052
15065
15069
15082
15086
15099
15103
15104
15108
15121
15125
15138
15142
15155
15159
15168
15172
15185
15189
15202
15206
15219
15223
15240
15244
15257
15261
15274
15278
15291
15295
15304
15308
15321
15325
15338
15342
15355
15359
15360
15364
15377
15381
15394
15398
15411
15415
15424
15428
15441
15445
15458
15462
15475
15479
15496
15500
15513
15517
15530
15534
15547
15551
15560
15564
15577
15581
15594
15598
15611
15615
15616
15620
15633
15637
15650
15654
15667
15671
15680
15684
15697
15701
15714
15718
15731
15735
15752
15756
15769
15773
15786
15790
15803
15807
15816
15820
15833
15837
15850
15854
15867
15871
15872
15876
15889
15893
15906
15910
15923
15927
15936
15940
15953
15957
15970
15974
15987
15991
16008
16012
16025
16029
16042
16046
16059
16063
16072
16076
16089
16093
16106
16110
16123
16127
16128
16132
16145
16149
16162
16166
16179
16183
16192
16196
16209
16213
16226
16230
16243
16247
16264
16268
16281
16285
16298
16302
16315
16319
16328
16332
16345
16349
16362
16366
16379
16383
16384
16388
16401
16405
16418
16422
16435
16439
16448
16452
16465
16469
16482
16486
16499
16503
16520
16524
16537
16541
16554
16558
16571
16575
16584
16588
16601
16605
16618
16622
16635
16639
16640
16644
16657
16661
16674
16678
16691
16695
16704
16708
16721
16725
16738
16742
16755
16759
16776
16780
16793
16797
16810
16814
16827
16831
16840
16844
16857
16861
16874
16878
16891
16895
16896
16900
16913
16917
16930
16934
16947
16951
16960
16964
16977
16981
16994
16998
17011
17015
17032
17036
17049
17053
17066
17070
17083
17087
17096
17100
17113
17117
17130
17134
17147
17151
17152
17156
17169
17173
17186
17190
17203
17207
17216
17220
17233
17237
17250
17254
17267
17271
17288
17292
17305
17309
17322
17326
17339
17343
17352
17356
17369
17373
17386
17390
17403
17407
17408
17412
17425
17429
17442
17446
17459
17463
17472
17476
17489
17493
17506
17510
17523
17527
17544
17548
17561
17565
17578
17582
17595
17599
17608
17612
17625
17629
17642
17646
17659
17663
17664
17668
17681
17685
17698
17702
17715
17719
17728
17732
17745
17749
17762
17766
17779
17783
17800
17804
17817
17821
17834
17838
17851
17855
17864
17868
17881
17885
17898
17902
17915
17919
17920
17924
17937
17941
17954
17958
17971
17975
17984
17988
18001
18005
18018
18022
18035
18039
18056
18060
18073
18077
18090
18094
18107
18111
18120
18124
18137
18141
18154
18158
18171
18175
18176
18180
18193
18197
18210
18214
18227
18231
18240
18244
18257
18261
18274
18278
18291
18295
18312
18316
18329
18333
18346
18350
18363
18367
18376
18380
18393
18397
18410
18414
18427
18431
18432
18436
18449
18453
18466
18470
18483
18487
18496
18500
18513
18517
18530
18534
18547
18551
18568
18572
18585
18589
18602
18606
18619
18623
18632
18636
18649
18653
18666
18670
18683
18687
18688
18692
18705
18709
18722
18726
18739
18743
18752
18756
18769
18773
18786
18790
18803
18807
18824
18828
18841
18845
18858
18862
18875
18879
18888
18892
18905
18909
18922
18926
18939
18943
18944
18948
18961
18965
18978
18982
18995
18999
19008
19012
19025
19029
19042
19046
19059
19063
19080
19084
19097
19101
19114
19118
19131
19135
19144
19148
19161
19165
19178
19182
19195
19199
19200
19204
19217
19221
19234
19238
19251
19255
19264
19268
19281
19285
19298
19302
19315
19319
19336
19340
19353
19357
19370
19374
19387
19391
19400
19404
19417
19421
19434
19438
19451
19455
19456
19460
19473
19477
19490
19494
19507
19511
19520
19524
19537
19541
19554
19558
19571
19575
19592
19596
19609
19613
19626
19630
19643
19647
19656
19660
19673
19677
19690
19694
19707
19711
19712
19716
19729
19733
19746
19750
19763
19767
19776
19780
19793
19797
19810
19814
19827
19831
19848
19852
19865
19869
19882
19886
19899
19903
19912
19916
19929
19933
19946
19950
19963
19967
19968
19972
19985
19989
20002
20006
20019
20023
20032
20036
20049
20053
20066
20070
20083
20087
20104
20108
20121
20125
20138
20142
20155
20159
20168
20172
20185
20189
20202
20206
20219
20223
20224
20228
20241
20245
20258
20262
20275
20279
20288
20292
20305
20309
20322
20326
20339
20343
20360
20364
20377
20381
20394
20398
20411
20415
20424
20428
20441
20445
20458
20462
20475
20479
20480
20484
20497
20501
20514
20518
20531
20535
20544
20548
20561
20565
20578
20582
20595
20599
20616
20620
20633
20637
20650
20654
20667
20671
20680
20684
20697
20701
20714
20718
20731
20735
20736
20740
20753
20757
20770
20774
20787
20791
20800
20804
20817
20821
20834
20838
20851
20855
20872
20876
20889
20893
20906
20910
20923
20927
20936
20940
20953
20957
20970
20974
20987
20991
20992
20996
21009
21013
21026
21030
21043
21047
21056
21060
21073
21077
21090
21094
21107
21111
21128
21132
21145
21149
21162
21166
21179
21183
21192
21196
21209
21213
21226
21230
21243
21247
21248
21252
21265
21269
21282
21286
21299
21303
21312
21316
21329
21333
21346
21350
21363
21367
21384
21388
21401
21405
21418
21422
21435
21439
21448
21452
21465
21469
21482
21486
21499
21503
21504
21508
21521
21525
21538
21542
21555
21559
21568
21572
21585
21589
21602
21606
21619
21623
21640
21644
21657
21661
21674
21678
21691
21695
21704
21708
21721
21725
21738
21742
21755
21759
21760
21764
21777
21781
21794
21798
21811
21815
21824
21828
21841
21845
21858
21862
21875
21879
21896
21900
21913
21917
21930
21934
21947
21951
21960
21964
21977
21981
21994
21998
22011
22015
22016
22020
22033
22037
22050
22054
22067
22071
22080
22084
22097
22101
22114
22118
22131
22135
22152
22156
22169
22173
22186
22190
22203
22207
22216
22220
22233
22237
22250
22254
22267
22271
22272
22276
22289
22293
22306
22310
22323
22327
22336
22340
22353
22357
22370
22374
22387
22391
22408
22412
22425
22429
22442
22446
22459
22463
22472
22476
22489
22493
22506
22510
22523
22527
22528
22532
22545
22549
22562
22566
22579
22583
22592
22596
22609
22613
22626
22630
22643
22647
22664
22668
22681
22685
22698
22702
22715
22719
22728
22732
22745
22749
22762
22766
22779
22783
22784
22788
22801
22805
22818
22822
22835
22839
22848
22852
22865
22869
22882
22886
22899
22903
22920
22924
22937
22941
22954
22958
22971
22975
22984
22988
23001
23005
23018
23022
23035
23039
23040
23044
23057
23061
23074
23078
23091
23095
23104
23108
23121
23125
23138
23142
23155
23159
23176
23180
23193
23197
23210
23214
23227
23231
23240
23244
23257
23261
23274
23278
23291
23295
23296
23300
23313
23317
23330
23334
23347
23351
23360
23364
23377
23381
23394
23398
23411
23415
23432
23436
23449
23453
23466
23470
23483
23487
23496
23500
23513
23517
23530
23534
23547
23551
23552
23556
23569
23573
23586
23590
23603
23607
23616
23620
23633
23637
23650
23654
23667
23671
23688
23692
23705
23709
23722
23726
23739
23743
23752
23756
23769
23773
23786
23790
23803
23807
23808
23812
23825
23829
23842
23846
23859
23863
23872
23876
23889
23893
23906
23910
23923
23927
23944
23948
23961
23965
23978
23982
23995
23999
24008
24012
24025
24029
24042
24046
24059
24063
24064
24068
24081
24085
24098
24102
24115
24119
24128
24132
24145
24149
24162
24166
24179
24183
24200
24204
24217
24221
24234
24238
24251
24255
24264
24268
24281
24285
24298
24302
24315
24319
24320
24324
24337
24341
24354
24358
24371
24375
24384
24388
24401
24405
24418
24422
24435
24439
24456
24460
24473
24477
24490
24494
24507
24511
24520
24524
24537
24541
24554
24558
24571
24575
24576
24580
24593
24597
24610
24614
24627
24631
24640
24644
24657
24661
24674
24678
24691
24695
24712
24716
24729
24733
24746
24750
24763
24767
24776
24780
24793
24797
24810
24814
24827
24831
24832
24836
24849
24853
24866
24870
24883
24887
24896
24900
24913
24917
24930
24934
24947
24951
24968
24972
24985
24989
25002
25006
25019
25023
25032
25036
25049
25053
25066
25070
25083
25087
25088
25092
25105
25109
25122
25126
25139
25143
25152
25156
25169
25173
25186
25190
25203
25207
25224
25228
25241
25245
25258
25262
25275
25279
25288
25292
25305
25309
25322
25326
25339
25343
25344
25348
25361
25365
25378
25382
25395
25399
25408
25412
25425
25429
25442
25446
25459
25463
25480
25484
25497
25501
25514
25518
25531
25535
25544
25548
25561
25565
25578
25582
25595
25599
25600
25604
25617
25621
25634
25638
25651
25655
25664
25668
25681
25685
25698
25702
25715
25719
25736
25740
25753
25757
25770
25774
25787
25791
25800
25804
25817
25821
25834
25838
25851
25855
25856
25860
25873
25877
25890
25894
25907
25911
25920
25924
25937
25941
25954
25958
25971
25975
25992
25996
26009
26013
26026
26030
26043
26047
26056
26060
26073
26077
26090
26094
26107
26111
26112
26116
26129
26133
26146
26150
26163
26167
26176
26180
26193
26197
26210
26214
26227
26231
26248
26252
26265
26269
26282
26286
26299
26303
26312
26316
26329
26333
26346
26350
26363
26367
26368
26372
26385
26389
26402
26406
26419
26423
26432
26436
26449
26453
26466
26470
26483
26487
26504
26508
26521
26525
26538
26542
26555
26559
26568
26572
26585
26589
26602
26606
26619
26623
26624
26628
26641
26645
26658
26662
26675
26679
26688
26692
26705
26709
26722
26726
26739
26743
26760
26764
26777
26781
26794
26798
26811
26815
26824
26828
26841
26845
26858
26862
26875
26879
26880
26884
26897
26901
26914
26918
26931
26935
26944
26948
26961
26965
26978
26982
26995
26999
27016
27020
27033
27037
27050
27054
27067
27071
27080
27084
27097
27101
27114
27118
27131
27135
27136
27140
27153
27157
27170
27174
27187
27191
27200
27204
27217
27221
27234
27238
27251
27255
27272
27276
27289
27293
27306
27310
27323
27327
27336
27340
27353
27357
27370
27374
27387
27391
27392
27396
27409
27413
27426
27430
27443
27447
27456
27460
27473
27477
27490
27494
27507
27511
27528
27532
27545
27549
27562
27566
27579
27583
27592
27596
27609
27613
27626
27630
27643
27647
27648
27652
27665
27669
27682
27686
27699
27703
27712
27716
27729
27733
27746
27750
27763
27767
27784
27788
27801
27805
27818
27822
27835
27839
27848
27852
27865
27869
27882
27886
27899
27903
27904
27908
27921
27925
27938
27942
27955
27959
27968
27972
27985
27989
28002
28006
28019
28023
28040
28044
28057
28061
28074
28078
28091
28095
28104
28108
28121
28125
28138
28142
28155
28159
28160
28164
28177
28181
28194
28198
28211
28215
28224
28228
28241
28245
28258
28262
28275
28279
28296
28300
28313
28317
28330
28334
28347
28351
28360
28364
28377
28381
28394
28398
28411
28415
28416
28420
28433
28437
28450
28454
28467
28471
28480
28484
28497
28501
28514
28518
28531
28535
28552
28556
28569
28573
28586
28590
28603
28607
28616
28620
28633
28637
28650
28654
28667
28671
28672
28676
28689
28693
28706
28710
28723
28727
28736
28740
28753
28757
28770
28774
28787
28791
28808
28812
28825
28829
28842
28846
28859
28863
28872
28876
28889
28893
28906
28910
28923
28927
28928
28932
28945
28949
28962
28966
28979
28983
28992
28996
29009
29013
29026
29030
29043
29047
29064
29068
29081
29085
29098
29102
29115
29119
29128
29132
29145
29149
29162
29166
29179
29183
29184
29188
29201
29205
29218
29222
29235
29239
29248
29252
29265
29269
29282
29286
29299
29303
29320
29324
29337
29341
29354
29358
29371
29375
29384
29388
29401
29405
29418
29422
29435
29439
29440
29444
29457
29461
29474
29478
29491
29495
29504
29508
29521
29525
29538
29542
29555
29559
29576
29580
29593
29597
29610
29614
29627
29631
29640
29644
29657
29661
29674
29678
29691
29695
29696
29700
29713
29717
29730
29734
29747
29751
29760
29764
29777
29781
29794
29798
29811
29815
29832
29836
29849
29853
29866
29870
29883
29887
29896
29900
29913
29917
29930
29934
29947
29951
29952
29956
29969
29973
29986
29990
30003
30007
30016
30020
30033
30037
30050
30054
30067
30071
30088
30092
30105
30109
30122
30126
30139
30143
30152
30156
30169
30173
30186
30190
30203
30207
30208
30212
30225
30229
30242
30246
30259
30263
30272
30276
30289
30293
30306
30310
30323
30327
30344
30348
30361
30365
30378
30382
30395
30399
30408
30412
30425
30429
30442
30446
30459
30463
30464
30468
30481
30485
30498
30502
30515
30519
30528
30532
30545
30549
30562
30566
30579
30583
30600
30604
30617
30621
30634
30638
30651
30655
30664
30668
30681
30685
30698
30702
30715
30719
30720
30724
30737
30741
30754
30758
30771
30775
30784
30788
30801
30805
30818
30822
30835
30839
30856
30860
30873
30877
30890
30894
30907
30911
30920
30924
30937
30941
30954
30958
30971
30975
30976
30980
30993
30997
31010
31014
31027
31031
31040
31044
31057
31061
31074
31078
31091
31095
31112
31116
31129
31133
31146
31150
31163
31167
31176
31180
31193
31197
31210
31214
31227
31231
31232
31236
31249
31253
31266
31270
31283
31287
31296
31300
31313
31317
31330
31334
31347
31351
31368
31372
31385
31389
31402
31406
31419
31423
31432
31436
31449
31453
31466
31470
31483
31487
31488
31492
31505
31509
31522
31526
31539
31543
31552
31556
31569
31573
31586
31590
31603
31607
31624
31628
31641
31645
31658
31662
31675
31679
31688
31692
31705
31709
31722
31726
31739
31743
31744
31748
31761
31765
31778
31782
31795
31799
31808
31812
31825
31829
31842
31846
31859
31863
31880
31884
31897
31901
31914
31918
31931
31935
31944
31948
31961
31965
31978
31982
31995
31999
32000
32004
32017
32021
32034
32038
32051
32055
32064
32068
32081
32085
32098
32102
32115
32119
32136
32140
32153
32157
32170
32174
32187
32191
32200
32204
32217
32221
32234
32238
32251
32255
32256
32260
32273
32277
32290
32294
32307
32311
32320
32324
32337
32341
32354
32358
32371
32375
32392
32396
32409
32413
32426
32430
32443
32447
32456
32460
32473
32477
32490
32494
32507
32511
32512
32516
32529
32533
32546
32550
32563
32567
32576
32580
32593
32597
32610
32614
32627
32631
32648
32652
32665
32669
32682
32686
32699
32703
32712
32716
32729
32733
32746
32750
32763
32767
32768
32772
32785
32789
32802
32806
32819
32823
32832
32836
32849
32853
32866
32870
32883
32887
32904
32908
32921
32925
32938
32942
32955
32959
32968
32972
32985
32989
33002
33006
33019
33023
33024
33028
33041
33045
33058
33062
33075
33079
33088
33092
33105
33109
33122
33126
33139
33143
33160
33164
33177
33181
33194
33198
33211
33215
33224
33228
33241
33245
33258
33262
33275
33279
33280
33284
33297
33301
33314
33318
33331
33335
33344
33348
33361
33365
33378
33382
33395
33399
33416
33420
33433
33437
33450
33454
33467
33471
33480
33484
33497
33501
33514
33518
33531
33535
33536
33540
33553
33557
33570
33574
33587
33591
33600
33604
33617
33621
33634
33638
33651
33655
33672
33676
33689
33693
33706
33710
33723
33727
33736
33740
33753
33757
33770
33774
33787
33791
33792
33796
33809
33813
33826
33830
33843
33847
33856
33860
33873
33877
33890
33894
33907
33911
33928
33932
33945
33949
33962
33966
33979
33983
33992
33996
34009
34013
34026
34030
34043
34047
34048
34052
34065
34069
34082
34086
34099
34103
34112
34116
34129
34133
34146
34150
34163
34167
34184
34188
34201
34205
34218
34222
34235
34239
34248
34252
34265
34269
34282
34286
34299
34303
34304
34308
34321
34325
34338
34342
34355
34359
34368
34372
34385
34389
34402
34406
34419
34423
34440
34444
34457
34461
34474
34478
34491
34495
34504
34508
34521
34525
34538
34542
34555
34559
34560
34564
34577
34581
34594
34598
34611
34615
34624
34628
34641
34645
34658
34662
34675
34679
34696
34700
34713
34717
34730
34734
34747
34751
34760
34764
34777
34781
34794
34798
34811
34815
34816
34820
34833
34837
34850
34854
34867
34871
34880
34884
34897
34901
34914
34918
34931
34935
34952
34956
34969
34973
34986
34990
35003
35007
35016
35020
35033
35037
35050
35054
35067
35071
35072
35076
35089
35093
35106
35110
35123
35127
35136
35140
35153
35157
35170
35174
35187
35191
35208
35212
35225
35229
35242
35246
35259
35263
35272
35276
35289
35293
35306
35310
35323
35327
35328
35332
35345
35349
35362
35366
35379
35383
35392
35396
35409
35413
35426
35430
35443
35447
35464
35468
35481
35485
35498
35502
35515
35519
35528
35532
35545
35549
35562
35566
35579
35583
35584
35588
35601
35605
35618
35622
35635
35639
35648
35652
35665
35669
35682
35686
35699
35703
35720
35724
35737
35741
35754
35758
35771
35775
35784
35788
35801
35805
35818
35822
35835
35839
35840
35844
35857
35861
35874
35878
35891
35895
35904
35908
35921
35925
35938
35942
35955
35959
35976
35980
35993
35997
36010
36014
36027
36031
36040
36044
36057
36061
36074
36078
36091
36095
36096
36100
36113
36117
36130
36134
36147
36151
36160
36164
36177
36181
36194
36198
36211
36215
36232
36236
36249
36253
36266
36270
36283
36287
36296
36300
36313
36317
36330
36334
36347
36351
36352
36356
36369
36373
36386
36390
36403
36407
36416
36420
36433
36437
36450
36454
36467
36471
36488
36492
36505
36509
36522
36526
36539
36543
36552
36556
36569
36573
36586
36590
36603
36607
36608
36612
36625
36629
36642
36646
36659
36663
36672
36676
36689
36693
36706
36710
36723
36727
36744
36748
36761
36765
36778
36782
36795
36799
36808
36812
36825
36829
36842
36846
36859
36863
36864
36868
36881
36885
36898
36902
36915
36919
36928
36932
36945
36949
36962
36966
36979
36983
37000
37004
37017
37021
37034
37038
37051
37055
37064
37068
37081
37085
37098
37102
37115
37119
37120
37124
37137
37141
37154
37158
37171
37175
37184
37188
37201
37205
37218
37222
37235
37239
37256
37260
37273
37277
37290
37294
37307
37311
37320
37324
37337
37341
37354
37358
37371
37375
37376
37380
37393
37397
37410
37414
37427
37431
37440
37444
37457
37461
37474
37478
37491
37495
37512
37516
37529
37533
37546
37550
37563
37567
37576
37580
37593
37597
37610
37614
37627
37631
37632
37636
37649
37653
37666
37670
37683
37687
37696
37700
37713
37717
37730
37734
37747
37751
37768
37772
37785
37789
37802
37806
37819
37823
37832
37836
37849
37853
37866
37870
37883
37887
37888
37892
37905
37909
37922
37926
37939
37943
37952
37956
37969
37973
37986
37990
38003
38007
38024
38028
38041
38045
38058
38062
38075
38079
38088
38092
38105
38109
38122
38126
38139
38143
38144
38148
38161
38165
38178
38182
38195
38199
38208
38212
38225
38229
38242
38246
38259
38263
38280
38284
38297
38301
38314
38318
38331
38335
38344
38348
38361
38365
38378
38382
38395
38399
38400
38404
38417
38421
38434
38438
38451
38455
38464
38468
38481
38485
38498
38502
38515
38519
38536
38540
38553
38557
38570
38574
38587
38591
38600
38604
38617
38621
38634
38638
38651
38655
38656
38660
38673
38677
38690
38694
38707
38711
38720
38724
38737
38741
38754
38758
38771
38775
38792
38796
38809
38813
38826
38830
38843
38847
38856
38860
38873
38877
38890
38894
38907
38911
38912
38916
38929
38933
38946
38950
38963
38967
38976
38980
38993
38997
39010
39014
39027
39031
39048
39052
39065
39069
39082
39086
39099
39103
39112
39116
39129
39133
39146
39150
39163
39167
39168
39172
39185
39189
39202
39206
39219
39223
39232
39236
39249
39253
39266
39270
39283
39287
39304
39308
39321
39325
39338
39342
39355
39359
39368
39372
39385
39389
39402
39406
39419
39423
39424
39428
39441
39445
39458
39462
39475
39479
39488
39492
39505
39509
39522
39526
39539
39543
39560
39564
39577
39581
39594
39598
39611
39615
39624
39628
39641
39645
39658
39662
39675
39679
39680
39684
39697
39701
39714
39718
39731
39735
39744
39748
39761
39765
39778
39782
39795
39799
39816
39820
39833
39837
39850
39854
39867
39871
39880
39884
39897
39901
39914
39918
39931
39935
39936
39940
39953
39957
39970
39974
39987
39991
40000
40004
40017
40021
40034
40038
40051
40055
40072
40076
40089
40093
40106
40110
40123
40127
40136
40140
40153
40157
40170
40174
40187
40191
40192
40196
40209
40213
40226
40230
40243
40247
40256
40260
40273
40277
40290
40294
40307
40311
40328
40332
40345
40349
40362
40366
40379
40383
40392
40396
40409
40413
40426
40430
40443
40447
40448
40452
40465
40469
40482
40486
40499
40503
40512
40516
40529
40533
40546
40550
40563
40567
40584
40588
40601
40605
40618
40622
40635
40639
40648
40652
40665
40669
40682
40686
40699
40703
40704
40708
40721
40725
40738
40742
40755
40759
40768
40772
40785
40789
40802
40806
40819
40823
40840
40844
40857
40861
40874
40878
40891
40895
40904
40908
40921
40925
40938
40942
40955
40959
40960
40964
40977
40981
40994
40998
41011
41015
41024
41028
41041
41045
41058
41062
41075
41079
41096
41100
41113
41117
41130
41134
41147
41151
41160
41164
41177
41181
41194
41198
41211
41215
41216
41220
41233
41237
41250
41254
41267
41271
41280
41284
41297
41301
41314
41318
41331
41335
41352
41356
41369
41373
41386
41390
41403
41407
41416
41420
41433
41437
41450
41454
41467
41471
41472
41476
41489
41493
41506
41510
41523
41527
41536
41540
41553
41557
41570
41574
41587
41591
41608
41612
41625
41629
41642
41646
41659
41663
41672
41676
41689
41693
41706
41710
41723
41727
41728
41732
41745
41749
41762
41766
41779
41783
41792
41796
41809
41813
41826
41830
41843
41847
41864
41868
41881
41885
41898
41902
41915
41919
41928
41932
41945
41949
41962
41966
41979
41983
41984
41988
42001
42005
42018
42022
42035
42039
42048
42052
42065
42069
42082
42086
42099
42103
42120
42124
42137
42141
42154
42158
42171
42175
42184
42188
42201
42205
42218
42222
42235
42239
42240
42244
42257
42261
42274
42278
42291
42295
42304
42308
42321
42325
42338
42342
42355
42359
42376
42380
42393
42397
42410
42414
42427
42431
42440
42444
42457
42461
42474
42478
42491
42495
42496
42500
42513
42517
42530
42534
42547
42551
42560
42564
42577
42581
42594
42598
42611
42615
42632
42636
42649
42653
42666
42670
42683
42687
42696
42700
42713
42717
42730
42734
42747
42751
42752
42756
42769
42773
42786
42790
42803
42807
42816
42820
42833
42837
42850
42854
42867
42871
42888
42892
42905
42909
42922
42926
42939
42943
42952
42956
42969
42973
42986
42990
43003
43007
43008
43012
43025
43029
43042
43046
43059
43063
43072
43076
43089
43093
43106
43110
43123
43127
43144
43148
43161
43165
43178
43182
43195
43199
43208
43212
43225
43229
43242
43246
43259
43263
43264
43268
43281
43285
43298
43302
43315
43319
43328
43332
43345
43349
43362
43366
43379
43383
43400
43404
43417
43421
43434
43438
43451
43455
43464
43468
43481
43485
43498
43502
43515
43519
43520
43524
43537
43541
43554
43558
43571
43575
43584
43588
43601
43605
43618
43622
43635
43639
43656
43660
43673
43677
43690
43694
43707
43711
43720
43724
43737
43741
43754
43758
43771
43775
43776
43780
43793
43797
43810
43814
43827
43831
43840
43844
43857
43861
43874
43878
43891
43895
43912
43916
43929
43933
43946
43950
43963
43967
43976
43980
43993
43997
44010
44014
44027
44031
44032
44036
44049
44053
44066
44070
44083
44087
44096
44100
44113
44117
44130
44134
44147
44151
44168
44172
44185
44189
44202
44206
44219
44223
44232
44236
44249
44253
44266
44270
44283
44287
44288
44292
44305
44309
44322
44326
44339
44343
44352
44356
44369
44373
44386
44390
44403
44407
44424
44428
44441
44445
44458
44462
44475
44479
44488
44492
44505
44509
44522
44526
44539
44543
44544
44548
44561
44565
44578
44582
44595
44599
44608
44612
44625
44629
44642
44646
44659
44663
44680
44684
44697
44701
44714
44718
44731
44735
44744
44748
44761
44765
44778
44782
44795
44799
44800
44804
44817
44821
44834
44838
44851
44855
44864
44868
44881
44885
44898
44902
44915
44919
44936
44940
44953
44957
44970
44974
44987
44991
45000
45004
45017
45021
45034
45038
45051
45055
45056
45060
45073
45077
45090
45094
45107
45111
45120
45124
45137
45141
45154
45158
45171
45175
45192
45196
45209
45213
45226
45230
45243
45247
45256
45260
45273
45277
45290
45294
45307
45311
45312
45316
45329
45333
45346
45350
45363
45367
45376
45380
45393
45397
45410
45414
45427
45431
45448
45452
45465
45469
45482
45486
45499
45503
45512
45516
45529
45533
45546
45550
45563
45567
45568
45572
45585
45589
45602
45606
45619
45623
45632
45636
45649
45653
45666
45670
45683
45687
45704
45708
45721
45725
45738
45742
45755
45759
45768
45772
45785
45789
45802
45806
45819
45823
45824
45828
45841
45845
45858
45862
45875
45879
45888
45892
45905
45909
45922
45926
45939
45943
45960
45964
45977
45981
45994
45998
46011
46015
46024
46028
46041
46045
46058
46062
46075
46079
46080
46084
46097
46101
46114
46118
46131
46135
46144
46148
46161
46165
46178
46182
46195
46199
46216
46220
46233
46237
46250
46254
46267
46271
46280
46284
46297
46301
46314
46318
46331
46335
46336
46340
46353
46357
46370
46374
46387
46391
46400
46404
46417
46421
46434
46438
46451
46455
46472
46476
46489
46493
46506
46510
46523
46527
46536
46540
46553
46557
46570
46574
46587
46591
46592
46596
46609
46613
46626
46630
46643
46647
46656
46660
46673
46677
46690
46694
46707
46711
46728
46732
46745
46749
46762
46766
46779
46783
46792
46796
46809
46813
46826
46830
46843
46847
46848
46852
46865
46869
46882
46886
46899
46903
46912
46916
46929
46933
46946
46950
46963
46967
46984
46988
47001
47005
47018
47022
47035
47039
47048
47052
47065
47069
47082
47086
47099
47103
47104
47108
47121
47125
47138
47142
47155
47159
47168
47172
47185
47189
47202
47206
47219
47223
47240
47244
47257
47261
47274
47278
47291
47295
47304
47308
47321
47325
47338
47342
47355
47359
47360
47364
47377
47381
47394
47398
47411
47415
47424
47428
47441
47445
47458
47462
47475
47479
47496
47500
47513
47517
47530
47534
47547
47551
47560
47564
47577
47581
47594
47598
47611
47615
47616
47620
47633
47637
47650
47654
47667
47671
47680
47684
47697
47701
47714
47718
47731
47735
47752
47756
47769
47773
47786
47790
47803
47807
47816
47820
47833
47837
47850
47854
47867
47871
47872
47876
47889
47893
47906
47910
47923
47927
47936
47940
47953
47957
47970
47974
47987
47991
48008
48012
48025
48029
48042
48046
48059
48063
48072
48076
48089
48093
48106
48110
48123
48127
48128
48132
48145
48149
48162
48166
48179
48183
48192
48196
48209
48213
48226
48230
48243
48247
48264
48268
48281
48285
48298
48302
48315
48319
48328
48332
48345
48349
48362
48366
48379
48383
48384
48388
48401
48405
48418
48422
48435
48439
48448
48452
48465
48469
48482
48486
48499
48503
48520
48524
48537
48541
48554
48558
48571
48575
48584
48588
48601
48605
48618
48622
48635
48639
48640
48644
48657
48661
48674
48678
48691
48695
48704
48708
48721
48725
48738
48742
48755
48759
48776
48780
48793
48797
48810
48814
48827
48831
48840
48844
48857
48861
48874
48878
48891
48895
48896
48900
48913
48917
48930
48934
48947
48951
48960
48964
48977
48981
48994
48998
49011
49015
49032
49036
49049
49053
49066
49070
49083
49087
49096
49100
49113
49117
49130
49134
49147
49151
49152
49156
49169
49173
49186
49190
49203
49207
49216
49220
49233
49237
49250
49254
49267
49271
49288
49292
49305
49309
49322
49326
49339
49343
49352
49356
49369
49373
49386
49390
49403
49407
49408
49412
49425
49429
49442
49446
49459
49463
49472
49476
49489
49493
49506
49510
49523
49527
49544
49548
49561
49565
49578
49582
49595
49599
49608
49612
49625
49629
49642
49646
49659
49663
49664
49668
49681
49685
49698
49702
49715
49719
49728
49732
49745
49749
49762
49766
49779
49783
49800
49804
49817
49821
49834
49838
49851
49855
49864
49868
49881
49885
49898
49902
49915
49919
49920
49924
49937
49941
49954
49958
49971
49975
49984
49988
50001
50005
50018
50022
50035
50039
50056
50060
50073
50077
50090
50094
50107
50111
50120
50124
50137
50141
50154
50158
50171
50175
50176
50180
50193
50197
50210
50214
50227
50231
50240
50244
50257
50261
50274
50278
50291
50295
50312
50316
50329
50333
50346
50350
50363
50367
50376
50380
50393
50397
50410
50414
50427
50431
50432
50436
50449
50453
50466
50470
50483
50487
50496
50500
50513
50517
50530
50534
50547
50551
50568
50572
50585
50589
50602
50606
50619
50623
50632
50636
50649
50653
50666
50670
50683
50687
50688
50692
50705
50709
50722
50726
50739
50743
50752
50756
50769
50773
50786
50790
50803
50807
50824
50828
50841
50845
50858
50862
50875
50879
50888
50892
50905
50909
50922
50926
50939
50943
50944
50948
50961
50965
50978
50982
50995
50999
51008
51012
51025
51029
51042
51046
51059
51063
51080
51084
51097
51101
51114
51118
51131
51135
51144
51148
51161
51165
51178
51182
51195
51199
51200
51204
51217
51221
51234
51238
51251
51255
51264
51268
51281
51285
51298
51302
51315
51319
51336
51340
51353
51357
51370
51374
51387
51391
51400
51404
51417
51421
51434
51438
51451
51455
51456
51460
51473
51477
51490
51494
51507
51511
51520
51524
51537
51541
51554
51558
51571
51575
51592
51596
51609
51613
51626
51630
51643
51647
51656
51660
51673
51677
51690
51694
51707
51711
51712
51716
51729
51733
51746
51750
51763
51767
51776
51780
51793
51797
51810
51814
51827
51831
51848
51852
51865
51869
51882
51886
51899
51903
51912
51916
51929
51933
51946
51950
51963
51967
51968
51972
51985
51989
52002
52006
52019
52023
52032
52036
52049
52053
52066
52070
52083
52087
52104
52108
52121
52125
52138
52142
52155
52159
52168
52172
52185
52189
52202
52206
52219
52223
52224
52228
52241
52245
52258
52262
52275
52279
52288
52292
52305
52309
52322
52326
52339
52343
52360
52364
52377
52381
52394
52398
52411
52415
52424
52428
52441
52445
52458
52462
52475
52479
52480
52484
52497
52501
52514
52518
52531
52535
52544
52548
52561
52565
52578
52582
52595
52599
52616
52620
52633
52637
52650
52654
52667
52671
52680
52684
52697
52701
52714
52718
52731
52735
52736
52740
52753
52757
52770
52774
52787
52791
52800
52804
52817
52821
52834
52838
52851
52855
52872
52876
52889
52893
52906
52910
52923
52927
52936
52940
52953
52957
52970
52974
52987
52991
52992
52996
53009
53013
53026
53030
53043
53047
53056
53060
53073
53077
53090
53094
53107
53111
53128
53132
53145
53149
53162
53166
53179
53183
53192
53196
53209
53213
53226
53230
53243
53247
53248
53252
53265
53269
53282
53286
53299
53303
53312
53316
53329
53333
53346
53350
53363
53367
53384
53388
53401
53405
53418
53422
53435
53439
53448
53452
53465
53469
53482
53486
53499
53503
53504
53508
53521
53525
53538
53542
53555
53559
53568
53572
53585
53589
53602
53606
53619
53623
53640
53644
53657
53661
53674
53678
53691
53695
53704
53708
53721
53725
53738
53742
53755
53759
53760
53764
53777
53781
53794
53798
53811
53815
53824
53828
53841
53845
53858
53862
53875
53879
53896
53900
53913
53917
53930
53934
53947
53951
53960
53964
53977
53981
53994
53998
54011
54015
54016
54020
54033
54037
54050
54054
54067
54071
54080
54084
54097
54101
54114
54118
54131
54135
54152
54156
54169
54173
54186
54190
54203
54207
54216
54220
54233
54237
54250
54254
54267
54271
54272
54276
54289
54293
54306
54310
54323
54327
54336
54340
54353
54357
54370
54374
54387
54391
54408
54412
54425
54429
54442
54446
54459
54463
54472
54476
54489
54493
54506
54510
54523
54527
54528
54532
54545
54549
54562
54566
54579
54583
54592
54596
54609
54613
54626
54630
54643
54647
54664
54668
54681
54685
54698
54702
54715
54719
54728
54732
54745
54749
54762
54766
54779
54783
54784
54788
54801
54805
54818
54822
54835
54839
54848
54852
54865
54869
54882
54886
54899
54903
54920
54924
54937
54941
54954
54958
54971
54975
54984
54988
55001
55005
55018
55022
55035
55039
55040
55044
55057
55061
55074
55078
55091
55095
55104
55108
55121
55125
55138
55142
55155
55159
55176
55180
55193
55197
55210
55214
55227
55231
55240
55244
55257
55261
55274
55278
55291
55295
55296
55300
55313
55317
55330
55334
55347
55351
55360
55364
55377
55381
55394
55398
55411
55415
55432
55436
55449
55453
55466
55470
55483
55487
55496
55500
55513
55517
55530
55534
55547
55551
55552
55556
55569
55573
55586
55590
55603
55607
55616
55620
55633
55637
55650
55654
55667
55671
55688
55692
55705
55709
55722
55726
55739
55743
55752
55756
55769
55773
55786
55790
55803
55807
55808
55812
55825
55829
55842
55846
55859
55863
55872
55876
55889
55893
55906
55910
55923
55927
55944
55948
55961
55965
55978
55982
55995
55999
56008
56012
56025
56029
56042
56046
56059
56063
56064
56068
56081
56085
56098
56102
56115
56119
56128
56132
56145
56149
56162
56166
56179
56183
56200
56204
56217
56221
56234
56238
56251
56255
56264
56268
56281
56285
56298
56302
56315
56319
56320
56324
56337
56341
56354
56358
56371
56375
56384
56388
56401
56405
56418
56422
56435
56439
56456
56460
56473
56477
56490
56494
56507
56511
56520
56524
56537
56541
56554
56558
56571
56575
56576
56580
56593
56597
56610
56614
56627
56631
56640
56644
56657
56661
56674
56678
56691
56695
56712
56716
56729
56733
56746
56750
56763
56767
56776
56780
56793
56797
56810
56814
56827
56831
56832
56836
56849
56853
56866
56870
56883
56887
56896
56900
56913
56917
56930
56934
56947
56951
56968
56972
56985
56989
57002
57006
57019
57023
57032
57036
57049
57053
57066
57070
57083
57087
57088
57092
57105
57109
57122
57126
57139
57143
57152
57156
57169
57173
57186
57190
57203
57207
57224
57228
57241
57245
57258
57262
57275
57279
57288
57292
57305
57309
57322
57326
57339
57343
57344
57348
57361
57365
57378
57382
57395
57399
57408
57412
57425
57429
57442
57446
57459
57463
57480
57484
57497
57501
57514
57518
57531
57535
57544
57548
57561
57565
57578
57582
57595
57599
57600
57604
57617
57621
57634
57638
57651
57655
57664
57668
57681
57685
57698
57702
57715
57719
57736
57740
57753
57757
57770
57774
57787
57791
57800
57804
57817
57821
57834
57838
57851
57855
57856
57860
57873
57877
57890
57894
57907
57911
57920
57924
57937
57941
57954
57958
57971
57975
57992
57996
58009
58013
58026
58030
58043
58047
58056
58060
58073
58077
58090
58094
58107
58111
58112
58116
58129
58133
58146
58150
58163
58167
58176
58180
58193
58197
58210
58214
58227
58231
58248
58252
58265
58269
58282
58286
58299
58303
58312
58316
58329
58333
58346
58350
58363
58367
58368
58372
58385
58389
58402
58406
58419
58423
58432
58436
58449
58453
58466
58470
58483
58487
58504
58508
58521
58525
58538
58542
58555
58559
58568
58572
58585
58589
58602
58606
58619
58623
58624
58628
58641
58645
58658
58662
58675
58679
58688
58692
58705
58709
58722
58726
58739
58743
58760
58764
58777
58781
58794
58798
58811
58815
58824
58828
58841
58845
58858
58862
58875
58879
58880
58884
58897
58901
58914
58918
58931
58935
58944
58948
58961
58965
58978
58982
58995
58999
59016
59020
59033
59037
59050
59054
59067
59071
59080
59084
59097
59101
59114
59118
59131
59135
59136
59140
59153
59157
59170
59174
59187
59191
59200
59204
59217
59221
59234
59238
59251
59255
59272
59276
59289
59293
59306
59310
59323
59327
59336
59340
59353
59357
59370
59374
59387
59391
59392
59396
59409
59413
59426
59430
59443
59447
59456
59460
59473
59477
59490
59494
59507
59511
59528
59532
59545
59549
59562
59566
59579
59583
59592
59596
59609
59613
59626
59630
59643
59647
59648
59652
59665
59669
59682
59686
59699
59703
59712
59716
59729
59733
59746
59750
59763
59767
59784
59788
59801
59805
59818
59822
59835
59839
59848
59852
59865
59869
59882
59886
59899
59903
59904
59908
59921
59925
59938
59942
59955
59959
59968
59972
59985
59989
60002
60006
60019
60023
60040
60044
60057
60061
60074
60078
60091
60095
60104
60108
60121
60125
60138
60142
60155
60159
60160
60164
60177
60181
60194
60198
60211
60215
60224
60228
60241
60245
60258
60262
60275
60279
60296
60300
60313
60317
60330
60334
60347
60351
60360
60364
60377
60381
60394
60398
60411
60415
60416
60420
60433
60437
60450
60454
60467
60471
60480
60484
60497
60501
60514
60518
60531
60535
60552
60556
60569
60573
60586
60590
60603
60607
60616
60620
60633
60637
60650
60654
60667
60671
60672
60676
60689
60693
60706
60710
60723
60727
60736
60740
60753
60757
60770
60774
60787
60791
60808
60812
60825
60829
60842
60846
60859
60863
60872
60876
60889
60893
60906
60910
60923
60927
60928
60932
60945
60949
60962
60966
60979
60983
60992
60996
61009
61013
61026
61030
61043
61047
61064
61068
61081
61085
61098
61102
61115
61119
61128
61132
61145
61149
61162
61166
61179
61183
61184
61188
61201
61205
61218
61222
61235
61239
61248
61252
61265
61269
61282
61286
61299
61303
61320
61324
61337
61341
61354
61358
61371
61375
61384
61388
61401
61405
61418
61422
61435
61439
61440
61444
61457
61461
61474
61478
61491
61495
61504
61508
61521
61525
61538
61542
61555
61559
61576
61580
61593
61597
61610
61614
61627
61631
61640
61644
61657
61661
61674
61678
61691
61695
61696
61700
61713
61717
61730
61734
61747
61751
61760
61764
61777
61781
61794
61798
61811
61815
61832
61836
61849
61853
61866
61870
61883
61887
61896
61900
61913
61917
61930
61934
61947
61951
61952
61956
61969
61973
61986
61990
62003
62007
62016
62020
62033
62037
62050
62054
62067
62071
62088
62092
62105
62109
62122
62126
62139
62143
62152
62156
62169
62173
62186
62190
62203
62207
62208
62212
62225
62229
62242
62246
62259
62263
62272
62276
62289
62293
62306
62310
62323
62327
62344
62348
62361
62365
62378
62382
62395
62399
62408
62412
62425
62429
62442
62446
62459
62463
62464
62468
62481
62485
62498
62502
62515
62519
62528
62532
62545
62549
62562
62566
62579
62583
62600
62604
62617
62621
62634
62638
62651
62655
62664
62668
62681
62685
62698
62702
62715
62719
62720
62724
62737
62741
62754
62758
62771
62775
62784
62788
62801
62805
62818
62822
62835
62839
62856
62860
62873
62877
62890
62894
62907
62911
62920
62924
62937
62941
62954
62958
62971
62975
62976
62980
62993
62997
63010
63014
63027
63031
63040
63044
63057
63061
63074
63078
63091
63095
63112
63116
63129
63133
63146
63150
63163
63167
63176
63180
63193
63197
63210
63214
63227
63231
63232
63236
63249
63253
63266
63270
63283
63287
63296
63300
63313
63317
63330
63334
63347
63351
63368
63372
63385
63389
63402
63406
63419
63423
63432
63436
63449
63453
63466
63470
63483
63487
63488
63492
63505
63509
63522
63526
63539
63543
63552
63556
63569
63573
63586
63590
63603
63607
63624
63628
63641
63645
63658
63662
63675
63679
63688
63692
63705
63709
63722
63726
63739
63743
63744
63748
63761
63765
63778
63782
63795
63799
63808
63812
63825
63829
63842
63846
63859
63863
63880
63884
63897
63901
63914
63918
63931
63935
63944
63948
63961
63965
63978
63982
63995
63999
64000
64004
64017
64021
64034
64038
64051
64055
64064
64068
64081
64085
64098
64102
64115
64119
64136
64140
64153
64157
64170
64174
64187
64191
64200
64204
64217
64221
64234
64238
64251
64255
64256
64260
64273
64277
64290
64294
64307
64311
64320
64324
64337
64341
64354
64358
64371
64375
64392
64396
64409
64413
64426
64430
64443
64447
64456
64460
64473
64477
64490
64494
64507
64511
64512
64516
64529
64533
64546
64550
64563
64567
64576
64580
64593
64597
64610
64614
64627
64631
64648
64652
64665
64669
64682
64686
64699
64703
64712
64716
64729
64733
64746
64750
64763
64767
64768
64772
64785
64789
64802
64806
64819
64823
64832
64836
64849
64853
64866
64870
64883
64887
64904
64908
64921
64925
64938
64942
64955
64959
64968
64972
64985
64989
65002
65006
65019
65023
65024
65028
65041
65045
65058
65062
65075
65079
65088
65092
65105
65109
65122
65126
65139
65143
65160
65164
65177
65181
65194
65198
65211
65215
65224
65228
65241
65245
65258
65262
65275
65279
65280
65284
65297
65301
65314
65318
65331
65335
65344
65348
65361
65365
65378
65382
65395
65399
65416
65420
65433
65437
65450
65454
65467
65471
65480
65484
65497
65501
65514
65518
65531
65535
