=======================
diff=2
diffpos=4
Bguesskey[8]=Bguesskey[12]
Bguesskey[11]=Bguesskey[15]
=======================
4
6
21
23
36
38
53
55
64
66
81
83
96
98
113
115
140
142
157
159
172
174
189
191
200
202
217
219
232
234
249
251
260
262
277
279
292
294
309
311
320
322
337
339
352
354
369
371
396
398
413
415
428
430
445
447
456
458
473
475
488
490
505
507
516
518
533
535
548
550
565
567
576
578
593
595
608
610
625
627
652
654
669
671
684
686
701
703
712
714
729
731
744
746
761
763
772
774
789
791
804
806
821
823
832
834
849
851
864
866
881
883
908
910
925
927
940
942
957
959
968
970
985
987
1000
1002
1017
1019
1028
1030
1045
1047
1060
1062
1077
1079
1088
1090
1105
1107
1120
1122
1137
1139
1164
1166
1181
1183
1196
1198
1213
1215
1224
1226
1241
1243
1256
1258
1273
1275
1284
1286
1301
1303
1316
1318
1333
1335
1344
1346
1361
1363
1376
1378
1393
1395
1420
1422
1437
1439
1452
1454
1469
1471
1480
1482
1497
1499
1512
1514
1529
1531
1540
1542
1557
1559
1572
1574
1589
1591
1600
1602
1617
1619
1632
1634
1649
1651
1676
1678
1693
1695
1708
1710
1725
1727
1736
1738
1753
1755
1768
1770
1785
1787
1796
1798
1813
1815
1828
1830
1845
1847
1856
1858
1873
1875
1888
1890
1905
1907
1932
1934
1949
1951
1964
1966
1981
1983
1992
1994
2009
2011
2024
2026
2041
2043
2052
2054
2069
2071
2084
2086
2101
2103
2112
2114
2129
2131
2144
2146
2161
2163
2188
2190
2205
2207
2220
2222
2237
2239
2248
2250
2265
2267
2280
2282
2297
2299
2308
2310
2325
2327
2340
2342
2357
2359
2368
2370
2385
2387
2400
2402
2417
2419
2444
2446
2461
2463
2476
2478
2493
2495
2504
2506
2521
2523
2536
2538
2553
2555
2564
2566
2581
2583
2596
2598
2613
2615
2624
2626
2641
2643
2656
2658
2673
2675
2700
2702
2717
2719
2732
2734
2749
2751
2760
2762
2777
2779
2792
2794
2809
2811
2820
2822
2837
2839
2852
2854
2869
2871
2880
2882
2897
2899
2912
2914
2929
2931
2956
2958
2973
2975
2988
2990
3005
3007
3016
3018
3033
3035
3048
3050
3065
3067
3076
3078
3093
3095
3108
3110
3125
3127
3136
3138
3153
3155
3168
3170
3185
3187
3212
3214
3229
3231
3244
3246
3261
3263
3272
3274
3289
3291
3304
3306
3321
3323
3332
3334
3349
3351
3364
3366
3381
3383
3392
3394
3409
3411
3424
3426
3441
3443
3468
3470
3485
3487
3500
3502
3517
3519
3528
3530
3545
3547
3560
3562
3577
3579
3588
3590
3605
3607
3620
3622
3637
3639
3648
3650
3665
3667
3680
3682
3697
3699
3724
3726
3741
3743
3756
3758
3773
3775
3784
3786
3801
3803
3816
3818
3833
3835
3844
3846
3861
3863
3876
3878
3893
3895
3904
3906
3921
3923
3936
3938
3953
3955
3980
3982
3997
3999
4012
4014
4029
4031
4040
4042
4057
4059
4072
4074
4089
4091
4100
4102
4117
4119
4132
4134
4149
4151
4160
4162
4177
4179
4192
4194
4209
4211
4236
4238
4253
4255
4268
4270
4285
4287
4296
4298
4313
4315
4328
4330
4345
4347
4356
4358
4373
4375
4388
4390
4405
4407
4416
4418
4433
4435
4448
4450
4465
4467
4492
4494
4509
4511
4524
4526
4541
4543
4552
4554
4569
4571
4584
4586
4601
4603
4612
4614
4629
4631
4644
4646
4661
4663
4672
4674
4689
4691
4704
4706
4721
4723
4748
4750
4765
4767
4780
4782
4797
4799
4808
4810
4825
4827
4840
4842
4857
4859
4868
4870
4885
4887
4900
4902
4917
4919
4928
4930
4945
4947
4960
4962
4977
4979
5004
5006
5021
5023
5036
5038
5053
5055
5064
5066
5081
5083
5096
5098
5113
5115
5124
5126
5141
5143
5156
5158
5173
5175
5184
5186
5201
5203
5216
5218
5233
5235
5260
5262
5277
5279
5292
5294
5309
5311
5320
5322
5337
5339
5352
5354
5369
5371
5380
5382
5397
5399
5412
5414
5429
5431
5440
5442
5457
5459
5472
5474
5489
5491
5516
5518
5533
5535
5548
5550
5565
5567
5576
5578
5593
5595
5608
5610
5625
5627
5636
5638
5653
5655
5668
5670
5685
5687
5696
5698
5713
5715
5728
5730
5745
5747
5772
5774
5789
5791
5804
5806
5821
5823
5832
5834
5849
5851
5864
5866
5881
5883
5892
5894
5909
5911
5924
5926
5941
5943
5952
5954
5969
5971
5984
5986
6001
6003
6028
6030
6045
6047
6060
6062
6077
6079
6088
6090
6105
6107
6120
6122
6137
6139
6148
6150
6165
6167
6180
6182
6197
6199
6208
6210
6225
6227
6240
6242
6257
6259
6284
6286
6301
6303
6316
6318
6333
6335
6344
6346
6361
6363
6376
6378
6393
6395
6404
6406
6421
6423
6436
6438
6453
6455
6464
6466
6481
6483
6496
6498
6513
6515
6540
6542
6557
6559
6572
6574
6589
6591
6600
6602
6617
6619
6632
6634
6649
6651
6660
6662
6677
6679
6692
6694
6709
6711
6720
6722
6737
6739
6752
6754
6769
6771
6796
6798
6813
6815
6828
6830
6845
6847
6856
6858
6873
6875
6888
6890
6905
6907
6916
6918
6933
6935
6948
6950
6965
6967
6976
6978
6993
6995
7008
7010
7025
7027
7052
7054
7069
7071
7084
7086
7101
7103
7112
7114
7129
7131
7144
7146
7161
7163
7172
7174
7189
7191
7204
7206
7221
7223
7232
7234
7249
7251
7264
7266
7281
7283
7308
7310
7325
7327
7340
7342
7357
7359
7368
7370
7385
7387
7400
7402
7417
7419
7428
7430
7445
7447
7460
7462
7477
7479
7488
7490
7505
7507
7520
7522
7537
7539
7564
7566
7581
7583
7596
7598
7613
7615
7624
7626
7641
7643
7656
7658
7673
7675
7684
7686
7701
7703
7716
7718
7733
7735
7744
7746
7761
7763
7776
7778
7793
7795
7820
7822
7837
7839
7852
7854
7869
7871
7880
7882
7897
7899
7912
7914
7929
7931
7940
7942
7957
7959
7972
7974
7989
7991
8000
8002
8017
8019
8032
8034
8049
8051
8076
8078
8093
8095
8108
8110
8125
8127
8136
8138
8153
8155
8168
8170
8185
8187
8196
8198
8213
8215
8228
8230
8245
8247
8256
8258
8273
8275
8288
8290
8305
8307
8332
8334
8349
8351
8364
8366
8381
8383
8392
8394
8409
8411
8424
8426
8441
8443
8452
8454
8469
8471
8484
8486
8501
8503
8512
8514
8529
8531
8544
8546
8561
8563
8588
8590
8605
8607
8620
8622
8637
8639
8648
8650
8665
8667
8680
8682
8697
8699
8708
8710
8725
8727
8740
8742
8757
8759
8768
8770
8785
8787
8800
8802
8817
8819
8844
8846
8861
8863
8876
8878
8893
8895
8904
8906
8921
8923
8936
8938
8953
8955
8964
8966
8981
8983
8996
8998
9013
9015
9024
9026
9041
9043
9056
9058
9073
9075
9100
9102
9117
9119
9132
9134
9149
9151
9160
9162
9177
9179
9192
9194
9209
9211
9220
9222
9237
9239
9252
9254
9269
9271
9280
9282
9297
9299
9312
9314
9329
9331
9356
9358
9373
9375
9388
9390
9405
9407
9416
9418
9433
9435
9448
9450
9465
9467
9476
9478
9493
9495
9508
9510
9525
9527
9536
9538
9553
9555
9568
9570
9585
9587
9612
9614
9629
9631
9644
9646
9661
9663
9672
9674
9689
9691
9704
9706
9721
9723
9732
9734
9749
9751
9764
9766
9781
9783
9792
9794
9809
9811
9824
9826
9841
9843
9868
9870
9885
9887
9900
9902
9917
9919
9928
9930
9945
9947
9960
9962
9977
9979
9988
9990
10005
10007
10020
10022
10037
10039
10048
10050
10065
10067
10080
10082
10097
10099
10124
10126
10141
10143
10156
10158
10173
10175
10184
10186
10201
10203
10216
10218
10233
10235
10244
10246
10261
10263
10276
10278
10293
10295
10304
10306
10321
10323
10336
10338
10353
10355
10380
10382
10397
10399
10412
10414
10429
10431
10440
10442
10457
10459
10472
10474
10489
10491
10500
10502
10517
10519
10532
10534
10549
10551
10560
10562
10577
10579
10592
10594
10609
10611
10636
10638
10653
10655
10668
10670
10685
10687
10696
10698
10713
10715
10728
10730
10745
10747
10756
10758
10773
10775
10788
10790
10805
10807
10816
10818
10833
10835
10848
10850
10865
10867
10892
10894
10909
10911
10924
10926
10941
10943
10952
10954
10969
10971
10984
10986
11001
11003
11012
11014
11029
11031
11044
11046
11061
11063
11072
11074
11089
11091
11104
11106
11121
11123
11148
11150
11165
11167
11180
11182
11197
11199
11208
11210
11225
11227
11240
11242
11257
11259
11268
11270
11285
11287
11300
11302
11317
11319
11328
11330
11345
11347
11360
11362
11377
11379
11404
11406
11421
11423
11436
11438
11453
11455
11464
11466
11481
11483
11496
11498
11513
11515
11524
11526
11541
11543
11556
11558
11573
11575
11584
11586
11601
11603
11616
11618
11633
11635
11660
11662
11677
11679
11692
11694
11709
11711
11720
11722
11737
11739
11752
11754
11769
11771
11780
11782
11797
11799
11812
11814
11829
11831
11840
11842
11857
11859
11872
11874
11889
11891
11916
11918
11933
11935
11948
11950
11965
11967
11976
11978
11993
11995
12008
12010
12025
12027
12036
12038
12053
12055
12068
12070
12085
12087
12096
12098
12113
12115
12128
12130
12145
12147
12172
12174
12189
12191
12204
12206
12221
12223
12232
12234
12249
12251
12264
12266
12281
12283
12292
12294
12309
12311
12324
12326
12341
12343
12352
12354
12369
12371
12384
12386
12401
12403
12428
12430
12445
12447
12460
12462
12477
12479
12488
12490
12505
12507
12520
12522
12537
12539
12548
12550
12565
12567
12580
12582
12597
12599
12608
12610
12625
12627
12640
12642
12657
12659
12684
12686
12701
12703
12716
12718
12733
12735
12744
12746
12761
12763
12776
12778
12793
12795
12804
12806
12821
12823
12836
12838
12853
12855
12864
12866
12881
12883
12896
12898
12913
12915
12940
12942
12957
12959
12972
12974
12989
12991
13000
13002
13017
13019
13032
13034
13049
13051
13060
13062
13077
13079
13092
13094
13109
13111
13120
13122
13137
13139
13152
13154
13169
13171
13196
13198
13213
13215
13228
13230
13245
13247
13256
13258
13273
13275
13288
13290
13305
13307
13316
13318
13333
13335
13348
13350
13365
13367
13376
13378
13393
13395
13408
13410
13425
13427
13452
13454
13469
13471
13484
13486
13501
13503
13512
13514
13529
13531
13544
13546
13561
13563
13572
13574
13589
13591
13604
13606
13621
13623
13632
13634
13649
13651
13664
13666
13681
13683
13708
13710
13725
13727
13740
13742
13757
13759
13768
13770
13785
13787
13800
13802
13817
13819
13828
13830
13845
13847
13860
13862
13877
13879
13888
13890
13905
13907
13920
13922
13937
13939
13964
13966
13981
13983
13996
13998
14013
14015
14024
14026
14041
14043
14056
14058
14073
14075
14084
14086
14101
14103
14116
14118
14133
14135
14144
14146
14161
14163
14176
14178
14193
14195
14220
14222
14237
14239
14252
14254
14269
14271
14280
14282
14297
14299
14312
14314
14329
14331
14340
14342
14357
14359
14372
14374
14389
14391
14400
14402
14417
14419
14432
14434
14449
14451
14476
14478
14493
14495
14508
14510
14525
14527
14536
14538
14553
14555
14568
14570
14585
14587
14596
14598
14613
14615
14628
14630
14645
14647
14656
14658
14673
14675
14688
14690
14705
14707
14732
14734
14749
14751
14764
14766
14781
14783
14792
14794
14809
14811
14824
14826
14841
14843
14852
14854
14869
14871
14884
14886
14901
14903
14912
14914
14929
14931
14944
14946
14961
14963
14988
14990
15005
15007
15020
15022
15037
15039
15048
15050
15065
15067
15080
15082
15097
15099
15108
15110
15125
15127
15140
15142
15157
15159
15168
15170
15185
15187
15200
15202
15217
15219
15244
15246
15261
15263
15276
15278
15293
15295
15304
15306
15321
15323
15336
15338
15353
15355
15364
15366
15381
15383
15396
15398
15413
15415
15424
15426
15441
15443
15456
15458
15473
15475
15500
15502
15517
15519
15532
15534
15549
15551
15560
15562
15577
15579
15592
15594
15609
15611
15620
15622
15637
15639
15652
15654
15669
15671
15680
15682
15697
15699
15712
15714
15729
15731
15756
15758
15773
15775
15788
15790
15805
15807
15816
15818
15833
15835
15848
15850
15865
15867
15876
15878
15893
15895
15908
15910
15925
15927
15936
15938
15953
15955
15968
15970
15985
15987
16012
16014
16029
16031
16044
16046
16061
16063
16072
16074
16089
16091
16104
16106
16121
16123
16132
16134
16149
16151
16164
16166
16181
16183
16192
16194
16209
16211
16224
16226
16241
16243
16268
16270
16285
16287
16300
16302
16317
16319
16328
16330
16345
16347
16360
16362
16377
16379
16388
16390
16405
16407
16420
16422
16437
16439
16448
16450
16465
16467
16480
16482
16497
16499
16524
16526
16541
16543
16556
16558
16573
16575
16584
16586
16601
16603
16616
16618
16633
16635
16644
16646
16661
16663
16676
16678
16693
16695
16704
16706
16721
16723
16736
16738
16753
16755
16780
16782
16797
16799
16812
16814
16829
16831
16840
16842
16857
16859
16872
16874
16889
16891
16900
16902
16917
16919
16932
16934
16949
16951
16960
16962
16977
16979
16992
16994
17009
17011
17036
17038
17053
17055
17068
17070
17085
17087
17096
17098
17113
17115
17128
17130
17145
17147
17156
17158
17173
17175
17188
17190
17205
17207
17216
17218
17233
17235
17248
17250
17265
17267
17292
17294
17309
17311
17324
17326
17341
17343
17352
17354
17369
17371
17384
17386
17401
17403
17412
17414
17429
17431
17444
17446
17461
17463
17472
17474
17489
17491
17504
17506
17521
17523
17548
17550
17565
17567
17580
17582
17597
17599
17608
17610
17625
17627
17640
17642
17657
17659
17668
17670
17685
17687
17700
17702
17717
17719
17728
17730
17745
17747
17760
17762
17777
17779
17804
17806
17821
17823
17836
17838
17853
17855
17864
17866
17881
17883
17896
17898
17913
17915
17924
17926
17941
17943
17956
17958
17973
17975
17984
17986
18001
18003
18016
18018
18033
18035
18060
18062
18077
18079
18092
18094
18109
18111
18120
18122
18137
18139
18152
18154
18169
18171
18180
18182
18197
18199
18212
18214
18229
18231
18240
18242
18257
18259
18272
18274
18289
18291
18316
18318
18333
18335
18348
18350
18365
18367
18376
18378
18393
18395
18408
18410
18425
18427
18436
18438
18453
18455
18468
18470
18485
18487
18496
18498
18513
18515
18528
18530
18545
18547
18572
18574
18589
18591
18604
18606
18621
18623
18632
18634
18649
18651
18664
18666
18681
18683
18692
18694
18709
18711
18724
18726
18741
18743
18752
18754
18769
18771
18784
18786
18801
18803
18828
18830
18845
18847
18860
18862
18877
18879
18888
18890
18905
18907
18920
18922
18937
18939
18948
18950
18965
18967
18980
18982
18997
18999
19008
19010
19025
19027
19040
19042
19057
19059
19084
19086
19101
19103
19116
19118
19133
19135
19144
19146
19161
19163
19176
19178
19193
19195
19204
19206
19221
19223
19236
19238
19253
19255
19264
19266
19281
19283
19296
19298
19313
19315
19340
19342
19357
19359
19372
19374
19389
19391
19400
19402
19417
19419
19432
19434
19449
19451
19460
19462
19477
19479
19492
19494
19509
19511
19520
19522
19537
19539
19552
19554
19569
19571
19596
19598
19613
19615
19628
19630
19645
19647
19656
19658
19673
19675
19688
19690
19705
19707
19716
19718
19733
19735
19748
19750
19765
19767
19776
19778
19793
19795
19808
19810
19825
19827
19852
19854
19869
19871
19884
19886
19901
19903
19912
19914
19929
19931
19944
19946
19961
19963
19972
19974
19989
19991
20004
20006
20021
20023
20032
20034
20049
20051
20064
20066
20081
20083
20108
20110
20125
20127
20140
20142
20157
20159
20168
20170
20185
20187
20200
20202
20217
20219
20228
20230
20245
20247
20260
20262
20277
20279
20288
20290
20305
20307
20320
20322
20337
20339
20364
20366
20381
20383
20396
20398
20413
20415
20424
20426
20441
20443
20456
20458
20473
20475
20484
20486
20501
20503
20516
20518
20533
20535
20544
20546
20561
20563
20576
20578
20593
20595
20620
20622
20637
20639
20652
20654
20669
20671
20680
20682
20697
20699
20712
20714
20729
20731
20740
20742
20757
20759
20772
20774
20789
20791
20800
20802
20817
20819
20832
20834
20849
20851
20876
20878
20893
20895
20908
20910
20925
20927
20936
20938
20953
20955
20968
20970
20985
20987
20996
20998
21013
21015
21028
21030
21045
21047
21056
21058
21073
21075
21088
21090
21105
21107
21132
21134
21149
21151
21164
21166
21181
21183
21192
21194
21209
21211
21224
21226
21241
21243
21252
21254
21269
21271
21284
21286
21301
21303
21312
21314
21329
21331
21344
21346
21361
21363
21388
21390
21405
21407
21420
21422
21437
21439
21448
21450
21465
21467
21480
21482
21497
21499
21508
21510
21525
21527
21540
21542
21557
21559
21568
21570
21585
21587
21600
21602
21617
21619
21644
21646
21661
21663
21676
21678
21693
21695
21704
21706
21721
21723
21736
21738
21753
21755
21764
21766
21781
21783
21796
21798
21813
21815
21824
21826
21841
21843
21856
21858
21873
21875
21900
21902
21917
21919
21932
21934
21949
21951
21960
21962
21977
21979
21992
21994
22009
22011
22020
22022
22037
22039
22052
22054
22069
22071
22080
22082
22097
22099
22112
22114
22129
22131
22156
22158
22173
22175
22188
22190
22205
22207
22216
22218
22233
22235
22248
22250
22265
22267
22276
22278
22293
22295
22308
22310
22325
22327
22336
22338
22353
22355
22368
22370
22385
22387
22412
22414
22429
22431
22444
22446
22461
22463
22472
22474
22489
22491
22504
22506
22521
22523
22532
22534
22549
22551
22564
22566
22581
22583
22592
22594
22609
22611
22624
22626
22641
22643
22668
22670
22685
22687
22700
22702
22717
22719
22728
22730
22745
22747
22760
22762
22777
22779
22788
22790
22805
22807
22820
22822
22837
22839
22848
22850
22865
22867
22880
22882
22897
22899
22924
22926
22941
22943
22956
22958
22973
22975
22984
22986
23001
23003
23016
23018
23033
23035
23044
23046
23061
23063
23076
23078
23093
23095
23104
23106
23121
23123
23136
23138
23153
23155
23180
23182
23197
23199
23212
23214
23229
23231
23240
23242
23257
23259
23272
23274
23289
23291
23300
23302
23317
23319
23332
23334
23349
23351
23360
23362
23377
23379
23392
23394
23409
23411
23436
23438
23453
23455
23468
23470
23485
23487
23496
23498
23513
23515
23528
23530
23545
23547
23556
23558
23573
23575
23588
23590
23605
23607
23616
23618
23633
23635
23648
23650
23665
23667
23692
23694
23709
23711
23724
23726
23741
23743
23752
23754
23769
23771
23784
23786
23801
23803
23812
23814
23829
23831
23844
23846
23861
23863
23872
23874
23889
23891
23904
23906
23921
23923
23948
23950
23965
23967
23980
23982
23997
23999
24008
24010
24025
24027
24040
24042
24057
24059
24068
24070
24085
24087
24100
24102
24117
24119
24128
24130
24145
24147
24160
24162
24177
24179
24204
24206
24221
24223
24236
24238
24253
24255
24264
24266
24281
24283
24296
24298
24313
24315
24324
24326
24341
24343
24356
24358
24373
24375
24384
24386
24401
24403
24416
24418
24433
24435
24460
24462
24477
24479
24492
24494
24509
24511
24520
24522
24537
24539
24552
24554
24569
24571
24580
24582
24597
24599
24612
24614
24629
24631
24640
24642
24657
24659
24672
24674
24689
24691
24716
24718
24733
24735
24748
24750
24765
24767
24776
24778
24793
24795
24808
24810
24825
24827
24836
24838
24853
24855
24868
24870
24885
24887
24896
24898
24913
24915
24928
24930
24945
24947
24972
24974
24989
24991
25004
25006
25021
25023
25032
25034
25049
25051
25064
25066
25081
25083
25092
25094
25109
25111
25124
25126
25141
25143
25152
25154
25169
25171
25184
25186
25201
25203
25228
25230
25245
25247
25260
25262
25277
25279
25288
25290
25305
25307
25320
25322
25337
25339
25348
25350
25365
25367
25380
25382
25397
25399
25408
25410
25425
25427
25440
25442
25457
25459
25484
25486
25501
25503
25516
25518
25533
25535
25544
25546
25561
25563
25576
25578
25593
25595
25604
25606
25621
25623
25636
25638
25653
25655
25664
25666
25681
25683
25696
25698
25713
25715
25740
25742
25757
25759
25772
25774
25789
25791
25800
25802
25817
25819
25832
25834
25849
25851
25860
25862
25877
25879
25892
25894
25909
25911
25920
25922
25937
25939
25952
25954
25969
25971
25996
25998
26013
26015
26028
26030
26045
26047
26056
26058
26073
26075
26088
26090
26105
26107
26116
26118
26133
26135
26148
26150
26165
26167
26176
26178
26193
26195
26208
26210
26225
26227
26252
26254
26269
26271
26284
26286
26301
26303
26312
26314
26329
26331
26344
26346
26361
26363
26372
26374
26389
26391
26404
26406
26421
26423
26432
26434
26449
26451
26464
26466
26481
26483
26508
26510
26525
26527
26540
26542
26557
26559
26568
26570
26585
26587
26600
26602
26617
26619
26628
26630
26645
26647
26660
26662
26677
26679
26688
26690
26705
26707
26720
26722
26737
26739
26764
26766
26781
26783
26796
26798
26813
26815
26824
26826
26841
26843
26856
26858
26873
26875
26884
26886
26901
26903
26916
26918
26933
26935
26944
26946
26961
26963
26976
26978
26993
26995
27020
27022
27037
27039
27052
27054
27069
27071
27080
27082
27097
27099
27112
27114
27129
27131
27140
27142
27157
27159
27172
27174
27189
27191
27200
27202
27217
27219
27232
27234
27249
27251
27276
27278
27293
27295
27308
27310
27325
27327
27336
27338
27353
27355
27368
27370
27385
27387
27396
27398
27413
27415
27428
27430
27445
27447
27456
27458
27473
27475
27488
27490
27505
27507
27532
27534
27549
27551
27564
27566
27581
27583
27592
27594
27609
27611
27624
27626
27641
27643
27652
27654
27669
27671
27684
27686
27701
27703
27712
27714
27729
27731
27744
27746
27761
27763
27788
27790
27805
27807
27820
27822
27837
27839
27848
27850
27865
27867
27880
27882
27897
27899
27908
27910
27925
27927
27940
27942
27957
27959
27968
27970
27985
27987
28000
28002
28017
28019
28044
28046
28061
28063
28076
28078
28093
28095
28104
28106
28121
28123
28136
28138
28153
28155
28164
28166
28181
28183
28196
28198
28213
28215
28224
28226
28241
28243
28256
28258
28273
28275
28300
28302
28317
28319
28332
28334
28349
28351
28360
28362
28377
28379
28392
28394
28409
28411
28420
28422
28437
28439
28452
28454
28469
28471
28480
28482
28497
28499
28512
28514
28529
28531
28556
28558
28573
28575
28588
28590
28605
28607
28616
28618
28633
28635
28648
28650
28665
28667
28676
28678
28693
28695
28708
28710
28725
28727
28736
28738
28753
28755
28768
28770
28785
28787
28812
28814
28829
28831
28844
28846
28861
28863
28872
28874
28889
28891
28904
28906
28921
28923
28932
28934
28949
28951
28964
28966
28981
28983
28992
28994
29009
29011
29024
29026
29041
29043
29068
29070
29085
29087
29100
29102
29117
29119
29128
29130
29145
29147
29160
29162
29177
29179
29188
29190
29205
29207
29220
29222
29237
29239
29248
29250
29265
29267
29280
29282
29297
29299
29324
29326
29341
29343
29356
29358
29373
29375
29384
29386
29401
29403
29416
29418
29433
29435
29444
29446
29461
29463
29476
29478
29493
29495
29504
29506
29521
29523
29536
29538
29553
29555
29580
29582
29597
29599
29612
29614
29629
29631
29640
29642
29657
29659
29672
29674
29689
29691
29700
29702
29717
29719
29732
29734
29749
29751
29760
29762
29777
29779
29792
29794
29809
29811
29836
29838
29853
29855
29868
29870
29885
29887
29896
29898
29913
29915
29928
29930
29945
29947
29956
29958
29973
29975
29988
29990
30005
30007
30016
30018
30033
30035
30048
30050
30065
30067
30092
30094
30109
30111
30124
30126
30141
30143
30152
30154
30169
30171
30184
30186
30201
30203
30212
30214
30229
30231
30244
30246
30261
30263
30272
30274
30289
30291
30304
30306
30321
30323
30348
30350
30365
30367
30380
30382
30397
30399
30408
30410
30425
30427
30440
30442
30457
30459
30468
30470
30485
30487
30500
30502
30517
30519
30528
30530
30545
30547
30560
30562
30577
30579
30604
30606
30621
30623
30636
30638
30653
30655
30664
30666
30681
30683
30696
30698
30713
30715
30724
30726
30741
30743
30756
30758
30773
30775
30784
30786
30801
30803
30816
30818
30833
30835
30860
30862
30877
30879
30892
30894
30909
30911
30920
30922
30937
30939
30952
30954
30969
30971
30980
30982
30997
30999
31012
31014
31029
31031
31040
31042
31057
31059
31072
31074
31089
31091
31116
31118
31133
31135
31148
31150
31165
31167
31176
31178
31193
31195
31208
31210
31225
31227
31236
31238
31253
31255
31268
31270
31285
31287
31296
31298
31313
31315
31328
31330
31345
31347
31372
31374
31389
31391
31404
31406
31421
31423
31432
31434
31449
31451
31464
31466
31481
31483
31492
31494
31509
31511
31524
31526
31541
31543
31552
31554
31569
31571
31584
31586
31601
31603
31628
31630
31645
31647
31660
31662
31677
31679
31688
31690
31705
31707
31720
31722
31737
31739
31748
31750
31765
31767
31780
31782
31797
31799
31808
31810
31825
31827
31840
31842
31857
31859
31884
31886
31901
31903
31916
31918
31933
31935
31944
31946
31961
31963
31976
31978
31993
31995
32004
32006
32021
32023
32036
32038
32053
32055
32064
32066
32081
32083
32096
32098
32113
32115
32140
32142
32157
32159
32172
32174
32189
32191
32200
32202
32217
32219
32232
32234
32249
32251
32260
32262
32277
32279
32292
32294
32309
32311
32320
32322
32337
32339
32352
32354
32369
32371
32396
32398
32413
32415
32428
32430
32445
32447
32456
32458
32473
32475
32488
32490
32505
32507
32516
32518
32533
32535
32548
32550
32565
32567
32576
32578
32593
32595
32608
32610
32625
32627
32652
32654
32669
32671
32684
32686
32701
32703
32712
32714
32729
32731
32744
32746
32761
32763
32772
32774
32789
32791
32804
32806
32821
32823
32832
32834
32849
32851
32864
32866
32881
32883
32908
32910
32925
32927
32940
32942
32957
32959
32968
32970
32985
32987
33000
33002
33017
33019
33028
33030
33045
33047
33060
33062
33077
33079
33088
33090
33105
33107
33120
33122
33137
33139
33164
33166
33181
33183
33196
33198
33213
33215
33224
33226
33241
33243
33256
33258
33273
33275
33284
33286
33301
33303
33316
33318
33333
33335
33344
33346
33361
33363
33376
33378
33393
33395
33420
33422
33437
33439
33452
33454
33469
33471
33480
33482
33497
33499
33512
33514
33529
33531
33540
33542
33557
33559
33572
33574
33589
33591
33600
33602
33617
33619
33632
33634
33649
33651
33676
33678
33693
33695
33708
33710
33725
33727
33736
33738
33753
33755
33768
33770
33785
33787
33796
33798
33813
33815
33828
33830
33845
33847
33856
33858
33873
33875
33888
33890
33905
33907
33932
33934
33949
33951
33964
33966
33981
33983
33992
33994
34009
34011
34024
34026
34041
34043
34052
34054
34069
34071
34084
34086
34101
34103
34112
34114
34129
34131
34144
34146
34161
34163
34188
34190
34205
34207
34220
34222
34237
34239
34248
34250
34265
34267
34280
34282
34297
34299
34308
34310
34325
34327
34340
34342
34357
34359
34368
34370
34385
34387
34400
34402
34417
34419
34444
34446
34461
34463
34476
34478
34493
34495
34504
34506
34521
34523
34536
34538
34553
34555
34564
34566
34581
34583
34596
34598
34613
34615
34624
34626
34641
34643
34656
34658
34673
34675
34700
34702
34717
34719
34732
34734
34749
34751
34760
34762
34777
34779
34792
34794
34809
34811
34820
34822
34837
34839
34852
34854
34869
34871
34880
34882
34897
34899
34912
34914
34929
34931
34956
34958
34973
34975
34988
34990
35005
35007
35016
35018
35033
35035
35048
35050
35065
35067
35076
35078
35093
35095
35108
35110
35125
35127
35136
35138
35153
35155
35168
35170
35185
35187
35212
35214
35229
35231
35244
35246
35261
35263
35272
35274
35289
35291
35304
35306
35321
35323
35332
35334
35349
35351
35364
35366
35381
35383
35392
35394
35409
35411
35424
35426
35441
35443
35468
35470
35485
35487
35500
35502
35517
35519
35528
35530
35545
35547
35560
35562
35577
35579
35588
35590
35605
35607
35620
35622
35637
35639
35648
35650
35665
35667
35680
35682
35697
35699
35724
35726
35741
35743
35756
35758
35773
35775
35784
35786
35801
35803
35816
35818
35833
35835
35844
35846
35861
35863
35876
35878
35893
35895
35904
35906
35921
35923
35936
35938
35953
35955
35980
35982
35997
35999
36012
36014
36029
36031
36040
36042
36057
36059
36072
36074
36089
36091
36100
36102
36117
36119
36132
36134
36149
36151
36160
36162
36177
36179
36192
36194
36209
36211
36236
36238
36253
36255
36268
36270
36285
36287
36296
36298
36313
36315
36328
36330
36345
36347
36356
36358
36373
36375
36388
36390
36405
36407
36416
36418
36433
36435
36448
36450
36465
36467
36492
36494
36509
36511
36524
36526
36541
36543
36552
36554
36569
36571
36584
36586
36601
36603
36612
36614
36629
36631
36644
36646
36661
36663
36672
36674
36689
36691
36704
36706
36721
36723
36748
36750
36765
36767
36780
36782
36797
36799
36808
36810
36825
36827
36840
36842
36857
36859
36868
36870
36885
36887
36900
36902
36917
36919
36928
36930
36945
36947
36960
36962
36977
36979
37004
37006
37021
37023
37036
37038
37053
37055
37064
37066
37081
37083
37096
37098
37113
37115
37124
37126
37141
37143
37156
37158
37173
37175
37184
37186
37201
37203
37216
37218
37233
37235
37260
37262
37277
37279
37292
37294
37309
37311
37320
37322
37337
37339
37352
37354
37369
37371
37380
37382
37397
37399
37412
37414
37429
37431
37440
37442
37457
37459
37472
37474
37489
37491
37516
37518
37533
37535
37548
37550
37565
37567
37576
37578
37593
37595
37608
37610
37625
37627
37636
37638
37653
37655
37668
37670
37685
37687
37696
37698
37713
37715
37728
37730
37745
37747
37772
37774
37789
37791
37804
37806
37821
37823
37832
37834
37849
37851
37864
37866
37881
37883
37892
37894
37909
37911
37924
37926
37941
37943
37952
37954
37969
37971
37984
37986
38001
38003
38028
38030
38045
38047
38060
38062
38077
38079
38088
38090
38105
38107
38120
38122
38137
38139
38148
38150
38165
38167
38180
38182
38197
38199
38208
38210
38225
38227
38240
38242
38257
38259
38284
38286
38301
38303
38316
38318
38333
38335
38344
38346
38361
38363
38376
38378
38393
38395
38404
38406
38421
38423
38436
38438
38453
38455
38464
38466
38481
38483
38496
38498
38513
38515
38540
38542
38557
38559
38572
38574
38589
38591
38600
38602
38617
38619
38632
38634
38649
38651
38660
38662
38677
38679
38692
38694
38709
38711
38720
38722
38737
38739
38752
38754
38769
38771
38796
38798
38813
38815
38828
38830
38845
38847
38856
38858
38873
38875
38888
38890
38905
38907
38916
38918
38933
38935
38948
38950
38965
38967
38976
38978
38993
38995
39008
39010
39025
39027
39052
39054
39069
39071
39084
39086
39101
39103
39112
39114
39129
39131
39144
39146
39161
39163
39172
39174
39189
39191
39204
39206
39221
39223
39232
39234
39249
39251
39264
39266
39281
39283
39308
39310
39325
39327
39340
39342
39357
39359
39368
39370
39385
39387
39400
39402
39417
39419
39428
39430
39445
39447
39460
39462
39477
39479
39488
39490
39505
39507
39520
39522
39537
39539
39564
39566
39581
39583
39596
39598
39613
39615
39624
39626
39641
39643
39656
39658
39673
39675
39684
39686
39701
39703
39716
39718
39733
39735
39744
39746
39761
39763
39776
39778
39793
39795
39820
39822
39837
39839
39852
39854
39869
39871
39880
39882
39897
39899
39912
39914
39929
39931
39940
39942
39957
39959
39972
39974
39989
39991
40000
40002
40017
40019
40032
40034
40049
40051
40076
40078
40093
40095
40108
40110
40125
40127
40136
40138
40153
40155
40168
40170
40185
40187
40196
40198
40213
40215
40228
40230
40245
40247
40256
40258
40273
40275
40288
40290
40305
40307
40332
40334
40349
40351
40364
40366
40381
40383
40392
40394
40409
40411
40424
40426
40441
40443
40452
40454
40469
40471
40484
40486
40501
40503
40512
40514
40529
40531
40544
40546
40561
40563
40588
40590
40605
40607
40620
40622
40637
40639
40648
40650
40665
40667
40680
40682
40697
40699
40708
40710
40725
40727
40740
40742
40757
40759
40768
40770
40785
40787
40800
40802
40817
40819
40844
40846
40861
40863
40876
40878
40893
40895
40904
40906
40921
40923
40936
40938
40953
40955
40964
40966
40981
40983
40996
40998
41013
41015
41024
41026
41041
41043
41056
41058
41073
41075
41100
41102
41117
41119
41132
41134
41149
41151
41160
41162
41177
41179
41192
41194
41209
41211
41220
41222
41237
41239
41252
41254
41269
41271
41280
41282
41297
41299
41312
41314
41329
41331
41356
41358
41373
41375
41388
41390
41405
41407
41416
41418
41433
41435
41448
41450
41465
41467
41476
41478
41493
41495
41508
41510
41525
41527
41536
41538
41553
41555
41568
41570
41585
41587
41612
41614
41629
41631
41644
41646
41661
41663
41672
41674
41689
41691
41704
41706
41721
41723
41732
41734
41749
41751
41764
41766
41781
41783
41792
41794
41809
41811
41824
41826
41841
41843
41868
41870
41885
41887
41900
41902
41917
41919
41928
41930
41945
41947
41960
41962
41977
41979
41988
41990
42005
42007
42020
42022
42037
42039
42048
42050
42065
42067
42080
42082
42097
42099
42124
42126
42141
42143
42156
42158
42173
42175
42184
42186
42201
42203
42216
42218
42233
42235
42244
42246
42261
42263
42276
42278
42293
42295
42304
42306
42321
42323
42336
42338
42353
42355
42380
42382
42397
42399
42412
42414
42429
42431
42440
42442
42457
42459
42472
42474
42489
42491
42500
42502
42517
42519
42532
42534
42549
42551
42560
42562
42577
42579
42592
42594
42609
42611
42636
42638
42653
42655
42668
42670
42685
42687
42696
42698
42713
42715
42728
42730
42745
42747
42756
42758
42773
42775
42788
42790
42805
42807
42816
42818
42833
42835
42848
42850
42865
42867
42892
42894
42909
42911
42924
42926
42941
42943
42952
42954
42969
42971
42984
42986
43001
43003
43012
43014
43029
43031
43044
43046
43061
43063
43072
43074
43089
43091
43104
43106
43121
43123
43148
43150
43165
43167
43180
43182
43197
43199
43208
43210
43225
43227
43240
43242
43257
43259
43268
43270
43285
43287
43300
43302
43317
43319
43328
43330
43345
43347
43360
43362
43377
43379
43404
43406
43421
43423
43436
43438
43453
43455
43464
43466
43481
43483
43496
43498
43513
43515
43524
43526
43541
43543
43556
43558
43573
43575
43584
43586
43601
43603
43616
43618
43633
43635
43660
43662
43677
43679
43692
43694
43709
43711
43720
43722
43737
43739
43752
43754
43769
43771
43780
43782
43797
43799
43812
43814
43829
43831
43840
43842
43857
43859
43872
43874
43889
43891
43916
43918
43933
43935
43948
43950
43965
43967
43976
43978
43993
43995
44008
44010
44025
44027
44036
44038
44053
44055
44068
44070
44085
44087
44096
44098
44113
44115
44128
44130
44145
44147
44172
44174
44189
44191
44204
44206
44221
44223
44232
44234
44249
44251
44264
44266
44281
44283
44292
44294
44309
44311
44324
44326
44341
44343
44352
44354
44369
44371
44384
44386
44401
44403
44428
44430
44445
44447
44460
44462
44477
44479
44488
44490
44505
44507
44520
44522
44537
44539
44548
44550
44565
44567
44580
44582
44597
44599
44608
44610
44625
44627
44640
44642
44657
44659
44684
44686
44701
44703
44716
44718
44733
44735
44744
44746
44761
44763
44776
44778
44793
44795
44804
44806
44821
44823
44836
44838
44853
44855
44864
44866
44881
44883
44896
44898
44913
44915
44940
44942
44957
44959
44972
44974
44989
44991
45000
45002
45017
45019
45032
45034
45049
45051
45060
45062
45077
45079
45092
45094
45109
45111
45120
45122
45137
45139
45152
45154
45169
45171
45196
45198
45213
45215
45228
45230
45245
45247
45256
45258
45273
45275
45288
45290
45305
45307
45316
45318
45333
45335
45348
45350
45365
45367
45376
45378
45393
45395
45408
45410
45425
45427
45452
45454
45469
45471
45484
45486
45501
45503
45512
45514
45529
45531
45544
45546
45561
45563
45572
45574
45589
45591
45604
45606
45621
45623
45632
45634
45649
45651
45664
45666
45681
45683
45708
45710
45725
45727
45740
45742
45757
45759
45768
45770
45785
45787
45800
45802
45817
45819
45828
45830
45845
45847
45860
45862
45877
45879
45888
45890
45905
45907
45920
45922
45937
45939
45964
45966
45981
45983
45996
45998
46013
46015
46024
46026
46041
46043
46056
46058
46073
46075
46084
46086
46101
46103
46116
46118
46133
46135
46144
46146
46161
46163
46176
46178
46193
46195
46220
46222
46237
46239
46252
46254
46269
46271
46280
46282
46297
46299
46312
46314
46329
46331
46340
46342
46357
46359
46372
46374
46389
46391
46400
46402
46417
46419
46432
46434
46449
46451
46476
46478
46493
46495
46508
46510
46525
46527
46536
46538
46553
46555
46568
46570
46585
46587
46596
46598
46613
46615
46628
46630
46645
46647
46656
46658
46673
46675
46688
46690
46705
46707
46732
46734
46749
46751
46764
46766
46781
46783
46792
46794
46809
46811
46824
46826
46841
46843
46852
46854
46869
46871
46884
46886
46901
46903
46912
46914
46929
46931
46944
46946
46961
46963
46988
46990
47005
47007
47020
47022
47037
47039
47048
47050
47065
47067
47080
47082
47097
47099
47108
47110
47125
47127
47140
47142
47157
47159
47168
47170
47185
47187
47200
47202
47217
47219
47244
47246
47261
47263
47276
47278
47293
47295
47304
47306
47321
47323
47336
47338
47353
47355
47364
47366
47381
47383
47396
47398
47413
47415
47424
47426
47441
47443
47456
47458
47473
47475
47500
47502
47517
47519
47532
47534
47549
47551
47560
47562
47577
47579
47592
47594
47609
47611
47620
47622
47637
47639
47652
47654
47669
47671
47680
47682
47697
47699
47712
47714
47729
47731
47756
47758
47773
47775
47788
47790
47805
47807
47816
47818
47833
47835
47848
47850
47865
47867
47876
47878
47893
47895
47908
47910
47925
47927
47936
47938
47953
47955
47968
47970
47985
47987
48012
48014
48029
48031
48044
48046
48061
48063
48072
48074
48089
48091
48104
48106
48121
48123
48132
48134
48149
48151
48164
48166
48181
48183
48192
48194
48209
48211
48224
48226
48241
48243
48268
48270
48285
48287
48300
48302
48317
48319
48328
48330
48345
48347
48360
48362
48377
48379
48388
48390
48405
48407
48420
48422
48437
48439
48448
48450
48465
48467
48480
48482
48497
48499
48524
48526
48541
48543
48556
48558
48573
48575
48584
48586
48601
48603
48616
48618
48633
48635
48644
48646
48661
48663
48676
48678
48693
48695
48704
48706
48721
48723
48736
48738
48753
48755
48780
48782
48797
48799
48812
48814
48829
48831
48840
48842
48857
48859
48872
48874
48889
48891
48900
48902
48917
48919
48932
48934
48949
48951
48960
48962
48977
48979
48992
48994
49009
49011
49036
49038
49053
49055
49068
49070
49085
49087
49096
49098
49113
49115
49128
49130
49145
49147
49156
49158
49173
49175
49188
49190
49205
49207
49216
49218
49233
49235
49248
49250
49265
49267
49292
49294
49309
49311
49324
49326
49341
49343
49352
49354
49369
49371
49384
49386
49401
49403
49412
49414
49429
49431
49444
49446
49461
49463
49472
49474
49489
49491
49504
49506
49521
49523
49548
49550
49565
49567
49580
49582
49597
49599
49608
49610
49625
49627
49640
49642
49657
49659
49668
49670
49685
49687
49700
49702
49717
49719
49728
49730
49745
49747
49760
49762
49777
49779
49804
49806
49821
49823
49836
49838
49853
49855
49864
49866
49881
49883
49896
49898
49913
49915
49924
49926
49941
49943
49956
49958
49973
49975
49984
49986
50001
50003
50016
50018
50033
50035
50060
50062
50077
50079
50092
50094
50109
50111
50120
50122
50137
50139
50152
50154
50169
50171
50180
50182
50197
50199
50212
50214
50229
50231
50240
50242
50257
50259
50272
50274
50289
50291
50316
50318
50333
50335
50348
50350
50365
50367
50376
50378
50393
50395
50408
50410
50425
50427
50436
50438
50453
50455
50468
50470
50485
50487
50496
50498
50513
50515
50528
50530
50545
50547
50572
50574
50589
50591
50604
50606
50621
50623
50632
50634
50649
50651
50664
50666
50681
50683
50692
50694
50709
50711
50724
50726
50741
50743
50752
50754
50769
50771
50784
50786
50801
50803
50828
50830
50845
50847
50860
50862
50877
50879
50888
50890
50905
50907
50920
50922
50937
50939
50948
50950
50965
50967
50980
50982
50997
50999
51008
51010
51025
51027
51040
51042
51057
51059
51084
51086
51101
51103
51116
51118
51133
51135
51144
51146
51161
51163
51176
51178
51193
51195
51204
51206
51221
51223
51236
51238
51253
51255
51264
51266
51281
51283
51296
51298
51313
51315
51340
51342
51357
51359
51372
51374
51389
51391
51400
51402
51417
51419
51432
51434
51449
51451
51460
51462
51477
51479
51492
51494
51509
51511
51520
51522
51537
51539
51552
51554
51569
51571
51596
51598
51613
51615
51628
51630
51645
51647
51656
51658
51673
51675
51688
51690
51705
51707
51716
51718
51733
51735
51748
51750
51765
51767
51776
51778
51793
51795
51808
51810
51825
51827
51852
51854
51869
51871
51884
51886
51901
51903
51912
51914
51929
51931
51944
51946
51961
51963
51972
51974
51989
51991
52004
52006
52021
52023
52032
52034
52049
52051
52064
52066
52081
52083
52108
52110
52125
52127
52140
52142
52157
52159
52168
52170
52185
52187
52200
52202
52217
52219
52228
52230
52245
52247
52260
52262
52277
52279
52288
52290
52305
52307
52320
52322
52337
52339
52364
52366
52381
52383
52396
52398
52413
52415
52424
52426
52441
52443
52456
52458
52473
52475
52484
52486
52501
52503
52516
52518
52533
52535
52544
52546
52561
52563
52576
52578
52593
52595
52620
52622
52637
52639
52652
52654
52669
52671
52680
52682
52697
52699
52712
52714
52729
52731
52740
52742
52757
52759
52772
52774
52789
52791
52800
52802
52817
52819
52832
52834
52849
52851
52876
52878
52893
52895
52908
52910
52925
52927
52936
52938
52953
52955
52968
52970
52985
52987
52996
52998
53013
53015
53028
53030
53045
53047
53056
53058
53073
53075
53088
53090
53105
53107
53132
53134
53149
53151
53164
53166
53181
53183
53192
53194
53209
53211
53224
53226
53241
53243
53252
53254
53269
53271
53284
53286
53301
53303
53312
53314
53329
53331
53344
53346
53361
53363
53388
53390
53405
53407
53420
53422
53437
53439
53448
53450
53465
53467
53480
53482
53497
53499
53508
53510
53525
53527
53540
53542
53557
53559
53568
53570
53585
53587
53600
53602
53617
53619
53644
53646
53661
53663
53676
53678
53693
53695
53704
53706
53721
53723
53736
53738
53753
53755
53764
53766
53781
53783
53796
53798
53813
53815
53824
53826
53841
53843
53856
53858
53873
53875
53900
53902
53917
53919
53932
53934
53949
53951
53960
53962
53977
53979
53992
53994
54009
54011
54020
54022
54037
54039
54052
54054
54069
54071
54080
54082
54097
54099
54112
54114
54129
54131
54156
54158
54173
54175
54188
54190
54205
54207
54216
54218
54233
54235
54248
54250
54265
54267
54276
54278
54293
54295
54308
54310
54325
54327
54336
54338
54353
54355
54368
54370
54385
54387
54412
54414
54429
54431
54444
54446
54461
54463
54472
54474
54489
54491
54504
54506
54521
54523
54532
54534
54549
54551
54564
54566
54581
54583
54592
54594
54609
54611
54624
54626
54641
54643
54668
54670
54685
54687
54700
54702
54717
54719
54728
54730
54745
54747
54760
54762
54777
54779
54788
54790
54805
54807
54820
54822
54837
54839
54848
54850
54865
54867
54880
54882
54897
54899
54924
54926
54941
54943
54956
54958
54973
54975
54984
54986
55001
55003
55016
55018
55033
55035
55044
55046
55061
55063
55076
55078
55093
55095
55104
55106
55121
55123
55136
55138
55153
55155
55180
55182
55197
55199
55212
55214
55229
55231
55240
55242
55257
55259
55272
55274
55289
55291
55300
55302
55317
55319
55332
55334
55349
55351
55360
55362
55377
55379
55392
55394
55409
55411
55436
55438
55453
55455
55468
55470
55485
55487
55496
55498
55513
55515
55528
55530
55545
55547
55556
55558
55573
55575
55588
55590
55605
55607
55616
55618
55633
55635
55648
55650
55665
55667
55692
55694
55709
55711
55724
55726
55741
55743
55752
55754
55769
55771
55784
55786
55801
55803
55812
55814
55829
55831
55844
55846
55861
55863
55872
55874
55889
55891
55904
55906
55921
55923
55948
55950
55965
55967
55980
55982
55997
55999
56008
56010
56025
56027
56040
56042
56057
56059
56068
56070
56085
56087
56100
56102
56117
56119
56128
56130
56145
56147
56160
56162
56177
56179
56204
56206
56221
56223
56236
56238
56253
56255
56264
56266
56281
56283
56296
56298
56313
56315
56324
56326
56341
56343
56356
56358
56373
56375
56384
56386
56401
56403
56416
56418
56433
56435
56460
56462
56477
56479
56492
56494
56509
56511
56520
56522
56537
56539
56552
56554
56569
56571
56580
56582
56597
56599
56612
56614
56629
56631
56640
56642
56657
56659
56672
56674
56689
56691
56716
56718
56733
56735
56748
56750
56765
56767
56776
56778
56793
56795
56808
56810
56825
56827
56836
56838
56853
56855
56868
56870
56885
56887
56896
56898
56913
56915
56928
56930
56945
56947
56972
56974
56989
56991
57004
57006
57021
57023
57032
57034
57049
57051
57064
57066
57081
57083
57092
57094
57109
57111
57124
57126
57141
57143
57152
57154
57169
57171
57184
57186
57201
57203
57228
57230
57245
57247
57260
57262
57277
57279
57288
57290
57305
57307
57320
57322
57337
57339
57348
57350
57365
57367
57380
57382
57397
57399
57408
57410
57425
57427
57440
57442
57457
57459
57484
57486
57501
57503
57516
57518
57533
57535
57544
57546
57561
57563
57576
57578
57593
57595
57604
57606
57621
57623
57636
57638
57653
57655
57664
57666
57681
57683
57696
57698
57713
57715
57740
57742
57757
57759
57772
57774
57789
57791
57800
57802
57817
57819
57832
57834
57849
57851
57860
57862
57877
57879
57892
57894
57909
57911
57920
57922
57937
57939
57952
57954
57969
57971
57996
57998
58013
58015
58028
58030
58045
58047
58056
58058
58073
58075
58088
58090
58105
58107
58116
58118
58133
58135
58148
58150
58165
58167
58176
58178
58193
58195
58208
58210
58225
58227
58252
58254
58269
58271
58284
58286
58301
58303
58312
58314
58329
58331
58344
58346
58361
58363
58372
58374
58389
58391
58404
58406
58421
58423
58432
58434
58449
58451
58464
58466
58481
58483
58508
58510
58525
58527
58540
58542
58557
58559
58568
58570
58585
58587
58600
58602
58617
58619
58628
58630
58645
58647
58660
58662
58677
58679
58688
58690
58705
58707
58720
58722
58737
58739
58764
58766
58781
58783
58796
58798
58813
58815
58824
58826
58841
58843
58856
58858
58873
58875
58884
58886
58901
58903
58916
58918
58933
58935
58944
58946
58961
58963
58976
58978
58993
58995
59020
59022
59037
59039
59052
59054
59069
59071
59080
59082
59097
59099
59112
59114
59129
59131
59140
59142
59157
59159
59172
59174
59189
59191
59200
59202
59217
59219
59232
59234
59249
59251
59276
59278
59293
59295
59308
59310
59325
59327
59336
59338
59353
59355
59368
59370
59385
59387
59396
59398
59413
59415
59428
59430
59445
59447
59456
59458
59473
59475
59488
59490
59505
59507
59532
59534
59549
59551
59564
59566
59581
59583
59592
59594
59609
59611
59624
59626
59641
59643
59652
59654
59669
59671
59684
59686
59701
59703
59712
59714
59729
59731
59744
59746
59761
59763
59788
59790
59805
59807
59820
59822
59837
59839
59848
59850
59865
59867
59880
59882
59897
59899
59908
59910
59925
59927
59940
59942
59957
59959
59968
59970
59985
59987
60000
60002
60017
60019
60044
60046
60061
60063
60076
60078
60093
60095
60104
60106
60121
60123
60136
60138
60153
60155
60164
60166
60181
60183
60196
60198
60213
60215
60224
60226
60241
60243
60256
60258
60273
60275
60300
60302
60317
60319
60332
60334
60349
60351
60360
60362
60377
60379
60392
60394
60409
60411
60420
60422
60437
60439
60452
60454
60469
60471
60480
60482
60497
60499
60512
60514
60529
60531
60556
60558
60573
60575
60588
60590
60605
60607
60616
60618
60633
60635
60648
60650
60665
60667
60676
60678
60693
60695
60708
60710
60725
60727
60736
60738
60753
60755
60768
60770
60785
60787
60812
60814
60829
60831
60844
60846
60861
60863
60872
60874
60889
60891
60904
60906
60921
60923
60932
60934
60949
60951
60964
60966
60981
60983
60992
60994
61009
61011
61024
61026
61041
61043
61068
61070
61085
61087
61100
61102
61117
61119
61128
61130
61145
61147
61160
61162
61177
61179
61188
61190
61205
61207
61220
61222
61237
61239
61248
61250
61265
61267
61280
61282
61297
61299
61324
61326
61341
61343
61356
61358
61373
61375
61384
61386
61401
61403
61416
61418
61433
61435
61444
61446
61461
61463
61476
61478
61493
61495
61504
61506
61521
61523
61536
61538
61553
61555
61580
61582
61597
61599
61612
61614
61629
61631
61640
61642
61657
61659
61672
61674
61689
61691
61700
61702
61717
61719
61732
61734
61749
61751
61760
61762
61777
61779
61792
61794
61809
61811
61836
61838
61853
61855
61868
61870
61885
61887
61896
61898
61913
61915
61928
61930
61945
61947
61956
61958
61973
61975
61988
61990
62005
62007
62016
62018
62033
62035
62048
62050
62065
62067
62092
62094
62109
62111
62124
62126
62141
62143
62152
62154
62169
62171
62184
62186
62201
62203
62212
62214
62229
62231
62244
62246
62261
62263
62272
62274
62289
62291
62304
62306
62321
62323
62348
62350
62365
62367
62380
62382
62397
62399
62408
62410
62425
62427
62440
62442
62457
62459
62468
62470
62485
62487
62500
62502
62517
62519
62528
62530
62545
62547
62560
62562
62577
62579
62604
62606
62621
62623
62636
62638
62653
62655
62664
62666
62681
62683
62696
62698
62713
62715
62724
62726
62741
62743
62756
62758
62773
62775
62784
62786
62801
62803
62816
62818
62833
62835
62860
62862
62877
62879
62892
62894
62909
62911
62920
62922
62937
62939
62952
62954
62969
62971
62980
62982
62997
62999
63012
63014
63029
63031
63040
63042
63057
63059
63072
63074
63089
63091
63116
63118
63133
63135
63148
63150
63165
63167
63176
63178
63193
63195
63208
63210
63225
63227
63236
63238
63253
63255
63268
63270
63285
63287
63296
63298
63313
63315
63328
63330
63345
63347
63372
63374
63389
63391
63404
63406
63421
63423
63432
63434
63449
63451
63464
63466
63481
63483
63492
63494
63509
63511
63524
63526
63541
63543
63552
63554
63569
63571
63584
63586
63601
63603
63628
63630
63645
63647
63660
63662
63677
63679
63688
63690
63705
63707
63720
63722
63737
63739
63748
63750
63765
63767
63780
63782
63797
63799
63808
63810
63825
63827
63840
63842
63857
63859
63884
63886
63901
63903
63916
63918
63933
63935
63944
63946
63961
63963
63976
63978
63993
63995
64004
64006
64021
64023
64036
64038
64053
64055
64064
64066
64081
64083
64096
64098
64113
64115
64140
64142
64157
64159
64172
64174
64189
64191
64200
64202
64217
64219
64232
64234
64249
64251
64260
64262
64277
64279
64292
64294
64309
64311
64320
64322
64337
64339
64352
64354
64369
64371
64396
64398
64413
64415
64428
64430
64445
64447
64456
64458
64473
64475
64488
64490
64505
64507
64516
64518
64533
64535
64548
64550
64565
64567
64576
64578
64593
64595
64608
64610
64625
64627
64652
64654
64669
64671
64684
64686
64701
64703
64712
64714
64729
64731
64744
64746
64761
64763
64772
64774
64789
64791
64804
64806
64821
64823
64832
64834
64849
64851
64864
64866
64881
64883
64908
64910
64925
64927
64940
64942
64957
64959
64968
64970
64985
64987
65000
65002
65017
65019
65028
65030
65045
65047
65060
65062
65077
65079
65088
65090
65105
65107
65120
65122
65137
65139
65164
65166
65181
65183
65196
65198
65213
65215
65224
65226
65241
65243
65256
65258
65273
65275
65284
65286
65301
65303
65316
65318
65333
65335
65344
65346
65361
65363
65376
65378
65393
65395
65420
65422
65437
65439
65452
65454
65469
65471
65480
65482
65497
65499
65512
65514
65529
65531
