********************************************
The forward round
********************************************
[0, 1, 2, 3, 4, 5, 6, 7]
[8, 9, 10, 11, 12, 13, 14, 15]
[16, 17, 18, 19, 20, 21, 22, 23]
[24, 25, 26, 27, 28, 29, 30, 31]
[32, 33, 34, 35, 36, 37, 38, 39]
[40, 41, 42, 43, 44, 45, 46, 47]
[48, 49, 50, 51, 52, 53, 54, 55]
[56, 57, 58, 59, 60, 61, 62, 63]
None
============================================================
The round key of the  0 round
The order of K:
[56, 57, 58, 59, 16, 17, 18, 19]
[20, 21, 22, 23, 24, 25, 26, 27]
[60, 61, 62, 63, 28, 29, 30, 31]
[32, 33, 34, 35, 36, 37, 38, 39]
[40, 41, 42, 43, 44, 45, 46, 47]
[48, 49, 50, 51, 52, 53, 54, 55]
[0, 1, 2, 3, 4, 5, 6, 7]
[8, 9, 10, 11, 12, 13, 14, 15]
--------------------------------------------------------
The Overlap of C and N after  0  round
[1, 1, 1, 1, 0, 0, 0, 0]
[0, 0, 0, 0, 0, 0, 0, 0]
[1, 1, 1, 1, 0, 0, 0, 0]
[0, 0, 0, 0, 0, 0, 0, 0]
[0, 0, 0, 0, 0, 0, 0, 0]
[0, 0, 0, 0, 0, 0, 0, 0]
[0, 0, 0, 1, 1, 1, 1, 1]
[0, 0, 0, 0, 0, 0, 0, 0]
--------------------------------------------------------
The record of add constant:
[0, 0, 0, 0, 0, 0, 0, 0]
[0, 0, 0, 0, 0, 0, 0, 0]
[0, 0, 0, 0, 0, 0, 0, 0]
[0, 0, 0, 0, 0, 0, 0, 0]
[0, 0, 0, 0, 0, 0, 0, 0]
[0, 0, 0, 0, 0, 0, 0, 0]
[0, 0, 0, 1, 1, 1, 1, 1]
[0, 0, 0, 0, 0, 0, 0, 0]
The record of NX:
[1, 1, 1, 1, 0, 0, 0, 0]
[0, 0, 0, 0, 0, 0, 0, 0]
[1, 1, 1, 1, 0, 0, 0, 0]
[0, 0, 0, 0, 0, 0, 0, 0]
[0, 0, 0, 0, 0, 0, 0, 0]
[0, 0, 0, 0, 0, 0, 0, 0]
[0, 0, 0, 0, 0, 0, 0, 0]
[0, 0, 0, 0, 0, 0, 0, 0]
============================================================
The round key of the  1 round
The order of K:
[8, 9, 10, 11, 60, 61, 62, 63]
[28, 29, 30, 31, 32, 33, 34, 35]
[12, 13, 14, 15, 36, 37, 38, 39]
[40, 41, 42, 43, 44, 45, 46, 47]
[48, 49, 50, 51, 52, 53, 54, 55]
[0, 1, 2, 3, 4, 5, 6, 7]
[56, 57, 58, 59, 16, 17, 18, 19]
[20, 21, 22, 23, 24, 25, 26, 27]
--------------------------------------------------------
The Overlap of C and N after  1  round
[1, 1, 1, 1, 1, 1, 1, 1]
[0, 0, 0, 0, 0, 0, 0, 0]
[1, 1, 1, 1, 0, 0, 0, 0]
[0, 0, 0, 0, 0, 0, 0, 0]
[0, 0, 0, 0, 0, 0, 0, 0]
[0, 0, 0, 1, 1, 1, 1, 1]
[1, 1, 1, 2, 1, 1, 1, 1]
[0, 0, 0, 0, 0, 0, 0, 0]
--------------------------------------------------------
The record of add constant:
[0, 0, 0, 0, 0, 0, 0, 0]
[0, 0, 0, 0, 0, 0, 0, 0]
[0, 0, 0, 0, 0, 0, 0, 0]
[0, 0, 0, 0, 0, 0, 0, 0]
[0, 0, 0, 0, 0, 0, 0, 0]
[0, 0, 0, 1, 1, 1, 1, 1]
[0, 0, 0, 1, 1, 1, 1, 1]
[0, 0, 0, 0, 0, 0, 0, 0]
The record of NX:
[1, 1, 1, 1, 1, 1, 1, 1]
[0, 0, 0, 0, 0, 0, 0, 0]
[1, 1, 1, 1, 0, 0, 0, 0]
[0, 0, 0, 0, 0, 0, 0, 0]
[0, 0, 0, 0, 0, 0, 0, 0]
[0, 0, 0, 0, 0, 0, 0, 0]
[1, 1, 1, 1, 0, 0, 0, 0]
[0, 0, 0, 0, 0, 0, 0, 0]
============================================================
The round key of the  2 round
The order of K:
[20, 21, 22, 23, 12, 13, 14, 15]
[36, 37, 38, 39, 40, 41, 42, 43]
[24, 25, 26, 27, 44, 45, 46, 47]
[48, 49, 50, 51, 52, 53, 54, 55]
[0, 1, 2, 3, 4, 5, 6, 7]
[56, 57, 58, 59, 16, 17, 18, 19]
[8, 9, 10, 11, 60, 61, 62, 63]
[28, 29, 30, 31, 32, 33, 34, 35]
--------------------------------------------------------
The Overlap of C and N after  2  round
[1, 1, 1, 1, 1, 1, 1, 1]
[0, 0, 0, 0, 0, 0, 0, 0]
[1, 1, 1, 1, 0, 0, 0, 0]
[0, 0, 0, 0, 0, 0, 0, 0]
[0, 0, 0, 1, 1, 1, 1, 1]
[1, 1, 1, 2, 1, 1, 1, 1]
[1, 1, 1, 2, 2, 2, 2, 2]
[0, 0, 0, 0, 0, 0, 0, 0]
--------------------------------------------------------
The record of add constant:
[0, 0, 0, 0, 0, 0, 0, 0]
[0, 0, 0, 0, 0, 0, 0, 0]
[0, 0, 0, 0, 0, 0, 0, 0]
[0, 0, 0, 0, 0, 0, 0, 0]
[0, 0, 0, 1, 1, 1, 1, 1]
[0, 0, 0, 1, 1, 1, 1, 1]
[0, 0, 0, 1, 1, 1, 1, 1]
[0, 0, 0, 0, 0, 0, 0, 0]
The record of NX:
[1, 1, 1, 1, 1, 1, 1, 1]
[0, 0, 0, 0, 0, 0, 0, 0]
[1, 1, 1, 1, 0, 0, 0, 0]
[0, 0, 0, 0, 0, 0, 0, 0]
[0, 0, 0, 0, 0, 0, 0, 0]
[1, 1, 1, 1, 0, 0, 0, 0]
[1, 1, 1, 1, 1, 1, 1, 1]
[0, 0, 0, 0, 0, 0, 0, 0]
============================================================
The round key of the  3 round
The order of K:
[28, 29, 30, 31, 24, 25, 26, 27]
[44, 45, 46, 47, 48, 49, 50, 51]
[32, 33, 34, 35, 52, 53, 54, 55]
[0, 1, 2, 3, 4, 5, 6, 7]
[56, 57, 58, 59, 16, 17, 18, 19]
[8, 9, 10, 11, 60, 61, 62, 63]
[20, 21, 22, 23, 12, 13, 14, 15]
[36, 37, 38, 39, 40, 41, 42, 43]
--------------------------------------------------------
The Overlap of C and N after  3  round
[1, 1, 1, 1, 1, 1, 1, 1]
[0, 0, 0, 0, 0, 0, 0, 0]
[1, 1, 1, 1, 0, 0, 0, 0]
[0, 0, 0, 1, 1, 1, 1, 1]
[1, 1, 1, 2, 1, 1, 1, 1]
[1, 1, 1, 2, 2, 2, 2, 2]
[1, 1, 1, 2, 2, 2, 2, 2]
[0, 0, 0, 0, 0, 0, 0, 0]
--------------------------------------------------------
The record of add constant:
[0, 0, 0, 0, 0, 0, 0, 0]
[0, 0, 0, 0, 0, 0, 0, 0]
[0, 0, 0, 0, 0, 0, 0, 0]
[0, 0, 0, 1, 1, 1, 1, 1]
[0, 0, 0, 1, 1, 1, 1, 1]
[0, 0, 0, 1, 1, 1, 1, 1]
[0, 0, 0, 1, 1, 1, 1, 1]
[0, 0, 0, 0, 0, 0, 0, 0]
The record of NX:
[1, 1, 1, 1, 1, 1, 1, 1]
[0, 0, 0, 0, 0, 0, 0, 0]
[1, 1, 1, 1, 0, 0, 0, 0]
[0, 0, 0, 0, 0, 0, 0, 0]
[1, 1, 1, 1, 0, 0, 0, 0]
[1, 1, 1, 1, 1, 1, 1, 1]
[1, 1, 1, 1, 1, 1, 1, 1]
[0, 0, 0, 0, 0, 0, 0, 0]
============================================================
The round key of the  4 round
The order of K:
[36, 37, 38, 39, 32, 33, 34, 35]
[52, 53, 54, 55, 0, 1, 2, 3]
[40, 41, 42, 43, 4, 5, 6, 7]
[56, 57, 58, 59, 16, 17, 18, 19]
[8, 9, 10, 11, 60, 61, 62, 63]
[20, 21, 22, 23, 12, 13, 14, 15]
[28, 29, 30, 31, 24, 25, 26, 27]
[44, 45, 46, 47, 48, 49, 50, 51]
--------------------------------------------------------
The Overlap of C and N after  4  round
[1, 1, 1, 1, 1, 1, 1, 1]
[0, 0, 0, 0, 0, 0, 0, 1]
[1, 1, 1, 1, 1, 1, 1, 1]
[1, 1, 1, 2, 1, 1, 1, 1]
[1, 1, 1, 2, 2, 2, 2, 2]
[1, 1, 1, 2, 2, 2, 2, 2]
[1, 1, 1, 2, 2, 2, 2, 2]
[0, 0, 0, 0, 0, 0, 0, 0]
--------------------------------------------------------
The record of add constant:
[0, 0, 0, 0, 0, 0, 0, 0]
[0, 0, 0, 0, 0, 0, 0, 1]
[0, 0, 0, 0, 1, 1, 1, 1]
[0, 0, 0, 1, 1, 1, 1, 1]
[0, 0, 0, 1, 1, 1, 1, 1]
[0, 0, 0, 1, 1, 1, 1, 1]
[0, 0, 0, 1, 1, 1, 1, 1]
[0, 0, 0, 0, 0, 0, 0, 0]
The record of NX:
[1, 1, 1, 1, 1, 1, 1, 1]
[0, 0, 0, 0, 0, 0, 0, 0]
[1, 1, 1, 1, 0, 0, 0, 0]
[1, 1, 1, 1, 0, 0, 0, 0]
[1, 1, 1, 1, 1, 1, 1, 1]
[1, 1, 1, 1, 1, 1, 1, 1]
[1, 1, 1, 1, 1, 1, 1, 1]
[0, 0, 0, 0, 0, 0, 0, 0]
============================================================
The round key of the  5 round
The order of K:
[44, 45, 46, 47, 40, 41, 42, 43]
[4, 5, 6, 7, 56, 57, 58, 59]
[48, 49, 50, 51, 16, 17, 18, 19]
[8, 9, 10, 11, 60, 61, 62, 63]
[20, 21, 22, 23, 12, 13, 14, 15]
[28, 29, 30, 31, 24, 25, 26, 27]
[36, 37, 38, 39, 32, 33, 34, 35]
[52, 53, 54, 55, 0, 1, 2, 3]
--------------------------------------------------------
The Overlap of C and N after  5  round
[1, 1, 1, 1, 1, 1, 1, 1]
[1, 1, 1, 1, 1, 1, 1, 2]
[1, 1, 1, 1, 1, 1, 1, 1]
[1, 1, 1, 2, 2, 2, 2, 2]
[1, 1, 1, 2, 2, 2, 2, 2]
[1, 1, 1, 2, 2, 2, 2, 2]
[1, 1, 1, 2, 2, 2, 2, 2]
[0, 0, 0, 0, 0, 0, 0, 1]
--------------------------------------------------------
The record of add constant:
[0, 0, 0, 0, 0, 0, 0, 0]
[1, 1, 1, 1, 0, 0, 0, 1]
[0, 0, 0, 0, 1, 1, 1, 1]
[0, 0, 0, 1, 1, 1, 1, 1]
[0, 0, 0, 1, 1, 1, 1, 1]
[0, 0, 0, 1, 1, 1, 1, 1]
[0, 0, 0, 1, 1, 1, 1, 1]
[0, 0, 0, 0, 0, 0, 0, 1]
The record of NX:
[1, 1, 1, 1, 1, 1, 1, 1]
[0, 0, 0, 0, 1, 1, 1, 1]
[1, 1, 1, 1, 0, 0, 0, 0]
[1, 1, 1, 1, 1, 1, 1, 1]
[1, 1, 1, 1, 1, 1, 1, 1]
[1, 1, 1, 1, 1, 1, 1, 1]
[1, 1, 1, 1, 1, 1, 1, 1]
[0, 0, 0, 0, 0, 0, 0, 0]
============================================================
The round key of the  6 round
The order of K:
[52, 53, 54, 55, 48, 49, 50, 51]
[16, 17, 18, 19, 8, 9, 10, 11]
[0, 1, 2, 3, 60, 61, 62, 63]
[20, 21, 22, 23, 12, 13, 14, 15]
[28, 29, 30, 31, 24, 25, 26, 27]
[36, 37, 38, 39, 32, 33, 34, 35]
[44, 45, 46, 47, 40, 41, 42, 43]
[4, 5, 6, 7, 56, 57, 58, 59]
--------------------------------------------------------
The Overlap of C and N after  6  round
[1, 1, 1, 1, 1, 1, 1, 1]
[1, 1, 1, 1, 1, 1, 1, 2]
[1, 1, 1, 2, 2, 2, 2, 2]
[1, 1, 1, 2, 2, 2, 2, 2]
[1, 1, 1, 2, 2, 2, 2, 2]
[1, 1, 1, 2, 2, 2, 2, 2]
[1, 1, 1, 2, 2, 2, 2, 2]
[1, 1, 1, 1, 1, 1, 1, 2]
--------------------------------------------------------
The record of add constant:
[0, 0, 0, 0, 0, 0, 0, 0]
[1, 1, 1, 1, 0, 0, 0, 1]
[0, 0, 0, 1, 1, 1, 1, 1]
[0, 0, 0, 1, 1, 1, 1, 1]
[0, 0, 0, 1, 1, 1, 1, 1]
[0, 0, 0, 1, 1, 1, 1, 1]
[0, 0, 0, 1, 1, 1, 1, 1]
[1, 1, 1, 1, 0, 0, 0, 1]
The record of NX:
[1, 1, 1, 1, 1, 1, 1, 1]
[0, 0, 0, 0, 1, 1, 1, 1]
[1, 1, 1, 1, 1, 1, 1, 1]
[1, 1, 1, 1, 1, 1, 1, 1]
[1, 1, 1, 1, 1, 1, 1, 1]
[1, 1, 1, 1, 1, 1, 1, 1]
[1, 1, 1, 1, 1, 1, 1, 1]
[0, 0, 0, 0, 1, 1, 1, 1]
============================================================
The round key of the  7 round
The order of K:
[4, 5, 6, 7, 0, 1, 2, 3]
[60, 61, 62, 63, 20, 21, 22, 23]
[56, 57, 58, 59, 12, 13, 14, 15]
[28, 29, 30, 31, 24, 25, 26, 27]
[36, 37, 38, 39, 32, 33, 34, 35]
[44, 45, 46, 47, 40, 41, 42, 43]
[52, 53, 54, 55, 48, 49, 50, 51]
[16, 17, 18, 19, 8, 9, 10, 11]
--------------------------------------------------------
The Overlap of C and N after  7  round
[2, 2, 2, 2, 1, 1, 1, 2]
[2, 2, 2, 2, 1, 1, 1, 2]
[2, 2, 2, 3, 2, 2, 2, 2]
[1, 1, 1, 2, 2, 2, 2, 2]
[1, 1, 1, 2, 2, 2, 2, 2]
[1, 1, 1, 2, 2, 2, 2, 2]
[1, 1, 1, 2, 2, 2, 2, 2]
[1, 1, 1, 1, 1, 1, 1, 2]
--------------------------------------------------------
The record of add constant:
[1, 1, 1, 1, 0, 0, 0, 1]
[1, 1, 1, 1, 0, 0, 0, 1]
[0, 0, 0, 1, 1, 1, 1, 1]
[0, 0, 0, 1, 1, 1, 1, 1]
[0, 0, 0, 1, 1, 1, 1, 1]
[0, 0, 0, 1, 1, 1, 1, 1]
[0, 0, 0, 1, 1, 1, 1, 1]
[1, 1, 1, 1, 0, 0, 0, 1]
The record of NX:
[1, 1, 1, 1, 1, 1, 1, 1]
[1, 1, 1, 1, 1, 1, 1, 1]
[2, 2, 2, 2, 1, 1, 1, 1]
[1, 1, 1, 1, 1, 1, 1, 1]
[1, 1, 1, 1, 1, 1, 1, 1]
[1, 1, 1, 1, 1, 1, 1, 1]
[1, 1, 1, 1, 1, 1, 1, 1]
[0, 0, 0, 0, 1, 1, 1, 1]
============================================================
The round key of the  8 round
The order of K:
[16, 17, 18, 19, 56, 57, 58, 59]
[12, 13, 14, 15, 28, 29, 30, 31]
[8, 9, 10, 11, 24, 25, 26, 27]
[36, 37, 38, 39, 32, 33, 34, 35]
[44, 45, 46, 47, 40, 41, 42, 43]
[52, 53, 54, 55, 48, 49, 50, 51]
[4, 5, 6, 7, 0, 1, 2, 3]
[60, 61, 62, 63, 20, 21, 22, 23]
--------------------------------------------------------
The Overlap of C and N after  8  round
[2, 2, 2, 2, 2, 2, 2, 3]
[2, 2, 2, 2, 1, 1, 1, 2]
[2, 2, 2, 3, 2, 2, 2, 2]
[1, 1, 1, 2, 2, 2, 2, 2]
[1, 1, 1, 2, 2, 2, 2, 2]
[1, 1, 1, 2, 2, 2, 2, 2]
[2, 2, 2, 3, 2, 2, 2, 3]
[2, 2, 2, 2, 1, 1, 1, 2]
--------------------------------------------------------
The record of add constant:
[1, 1, 1, 1, 0, 0, 0, 1]
[1, 1, 1, 1, 0, 0, 0, 1]
[0, 0, 0, 1, 1, 1, 1, 1]
[0, 0, 0, 1, 1, 1, 1, 1]
[0, 0, 0, 1, 1, 1, 1, 1]
[0, 0, 0, 1, 1, 1, 1, 1]
[1, 1, 1, 2, 1, 1, 1, 2]
[1, 1, 1, 1, 0, 0, 0, 1]
The record of NX:
[1, 1, 1, 1, 2, 2, 2, 2]
[1, 1, 1, 1, 1, 1, 1, 1]
[2, 2, 2, 2, 1, 1, 1, 1]
[1, 1, 1, 1, 1, 1, 1, 1]
[1, 1, 1, 1, 1, 1, 1, 1]
[1, 1, 1, 1, 1, 1, 1, 1]
[1, 1, 1, 1, 1, 1, 1, 1]
[1, 1, 1, 1, 1, 1, 1, 1]
============================================================
The round key of the  9 round
The order of K:
[60, 61, 62, 63, 8, 9, 10, 11]
[24, 25, 26, 27, 36, 37, 38, 39]
[20, 21, 22, 23, 32, 33, 34, 35]
[44, 45, 46, 47, 40, 41, 42, 43]
[52, 53, 54, 55, 48, 49, 50, 51]
[4, 5, 6, 7, 0, 1, 2, 3]
[16, 17, 18, 19, 56, 57, 58, 59]
[12, 13, 14, 15, 28, 29, 30, 31]
--------------------------------------------------------
The Overlap of C and N after  9  round
[3, 3, 3, 3, 2, 2, 2, 3]
[2, 2, 2, 2, 1, 1, 1, 2]
[2, 2, 2, 3, 2, 2, 2, 2]
[1, 1, 1, 2, 2, 2, 2, 2]
[1, 1, 1, 2, 2, 2, 2, 2]
[2, 2, 2, 3, 2, 2, 2, 3]
[2, 2, 2, 3, 3, 3, 3, 4]
[2, 2, 2, 2, 1, 1, 1, 2]
--------------------------------------------------------
The record of add constant:
[1, 1, 1, 1, 0, 0, 0, 1]
[1, 1, 1, 1, 0, 0, 0, 1]
[0, 0, 0, 1, 1, 1, 1, 1]
[0, 0, 0, 1, 1, 1, 1, 1]
[0, 0, 0, 1, 1, 1, 1, 1]
[1, 1, 1, 2, 1, 1, 1, 2]
[1, 1, 1, 2, 1, 1, 1, 2]
[1, 1, 1, 1, 0, 0, 0, 1]
The record of NX:
[2, 2, 2, 2, 2, 2, 2, 2]
[1, 1, 1, 1, 1, 1, 1, 1]
[2, 2, 2, 2, 1, 1, 1, 1]
[1, 1, 1, 1, 1, 1, 1, 1]
[1, 1, 1, 1, 1, 1, 1, 1]
[1, 1, 1, 1, 1, 1, 1, 1]
[1, 1, 1, 1, 2, 2, 2, 2]
[1, 1, 1, 1, 1, 1, 1, 1]
============================================================
The round key of the  10 round
The order of K:
[12, 13, 14, 15, 20, 21, 22, 23]
[32, 33, 34, 35, 44, 45, 46, 47]
[28, 29, 30, 31, 40, 41, 42, 43]
[52, 53, 54, 55, 48, 49, 50, 51]
[4, 5, 6, 7, 0, 1, 2, 3]
[16, 17, 18, 19, 56, 57, 58, 59]
[60, 61, 62, 63, 8, 9, 10, 11]
[24, 25, 26, 27, 36, 37, 38, 39]
--------------------------------------------------------
The Overlap of C and N after  10  round
[3, 3, 3, 3, 2, 2, 2, 3]
[2, 2, 2, 2, 1, 1, 1, 2]
[2, 2, 2, 3, 2, 2, 2, 2]
[1, 1, 1, 2, 2, 2, 2, 2]
[2, 2, 2, 3, 2, 2, 2, 3]
[2, 2, 2, 3, 3, 3, 3, 4]
[3, 3, 3, 4, 3, 3, 3, 4]
[2, 2, 2, 2, 1, 1, 1, 2]
--------------------------------------------------------
The record of add constant:
[1, 1, 1, 1, 0, 0, 0, 1]
[1, 1, 1, 1, 0, 0, 0, 1]
[0, 0, 0, 1, 1, 1, 1, 1]
[0, 0, 0, 1, 1, 1, 1, 1]
[1, 1, 1, 2, 1, 1, 1, 2]
[1, 1, 1, 2, 1, 1, 1, 2]
[1, 1, 1, 2, 1, 1, 1, 2]
[1, 1, 1, 1, 0, 0, 0, 1]
The record of NX:
[2, 2, 2, 2, 2, 2, 2, 2]
[1, 1, 1, 1, 1, 1, 1, 1]
[2, 2, 2, 2, 1, 1, 1, 1]
[1, 1, 1, 1, 1, 1, 1, 1]
[1, 1, 1, 1, 1, 1, 1, 1]
[1, 1, 1, 1, 2, 2, 2, 2]
[2, 2, 2, 2, 2, 2, 2, 2]
[1, 1, 1, 1, 1, 1, 1, 1]
============================================================
The round key of the  11 round
The order of K:
[24, 25, 26, 27, 28, 29, 30, 31]
[40, 41, 42, 43, 52, 53, 54, 55]
[36, 37, 38, 39, 48, 49, 50, 51]
[4, 5, 6, 7, 0, 1, 2, 3]
[16, 17, 18, 19, 56, 57, 58, 59]
[60, 61, 62, 63, 8, 9, 10, 11]
[12, 13, 14, 15, 20, 21, 22, 23]
[32, 33, 34, 35, 44, 45, 46, 47]
--------------------------------------------------------
The Overlap of C and N after  11  round
[3, 3, 3, 3, 2, 2, 2, 3]
[2, 2, 2, 2, 1, 1, 1, 2]
[2, 2, 2, 3, 2, 2, 2, 2]
[2, 2, 2, 3, 2, 2, 2, 3]
[2, 2, 2, 3, 3, 3, 3, 4]
[3, 3, 3, 4, 3, 3, 3, 4]
[3, 3, 3, 4, 3, 3, 3, 4]
[2, 2, 2, 2, 1, 1, 1, 2]
--------------------------------------------------------
The record of add constant:
[1, 1, 1, 1, 0, 0, 0, 1]
[1, 1, 1, 1, 0, 0, 0, 1]
[0, 0, 0, 1, 1, 1, 1, 1]
[1, 1, 1, 2, 1, 1, 1, 2]
[1, 1, 1, 2, 1, 1, 1, 2]
[1, 1, 1, 2, 1, 1, 1, 2]
[1, 1, 1, 2, 1, 1, 1, 2]
[1, 1, 1, 1, 0, 0, 0, 1]
The record of NX:
[2, 2, 2, 2, 2, 2, 2, 2]
[1, 1, 1, 1, 1, 1, 1, 1]
[2, 2, 2, 2, 1, 1, 1, 1]
[1, 1, 1, 1, 1, 1, 1, 1]
[1, 1, 1, 1, 2, 2, 2, 2]
[2, 2, 2, 2, 2, 2, 2, 2]
[2, 2, 2, 2, 2, 2, 2, 2]
[1, 1, 1, 1, 1, 1, 1, 1]
============================================================
The round key of the  12 round
The order of K:
[32, 33, 34, 35, 36, 37, 38, 39]
[48, 49, 50, 51, 4, 5, 6, 7]
[44, 45, 46, 47, 0, 1, 2, 3]
[16, 17, 18, 19, 56, 57, 58, 59]
[60, 61, 62, 63, 8, 9, 10, 11]
[12, 13, 14, 15, 20, 21, 22, 23]
[24, 25, 26, 27, 28, 29, 30, 31]
[40, 41, 42, 43, 52, 53, 54, 55]
--------------------------------------------------------
The Overlap of C and N after  12  round
[3, 3, 3, 3, 2, 2, 2, 3]
[2, 2, 2, 2, 2, 2, 2, 3]
[2, 2, 2, 3, 2, 2, 2, 3]
[2, 2, 2, 3, 3, 3, 3, 4]
[3, 3, 3, 4, 3, 3, 3, 4]
[3, 3, 3, 4, 3, 3, 3, 4]
[3, 3, 3, 4, 3, 3, 3, 4]
[2, 2, 2, 2, 1, 1, 1, 2]
--------------------------------------------------------
The record of add constant:
[1, 1, 1, 1, 0, 0, 0, 1]
[1, 1, 1, 1, 1, 1, 1, 2]
[0, 0, 0, 1, 1, 1, 1, 2]
[1, 1, 1, 2, 1, 1, 1, 2]
[1, 1, 1, 2, 1, 1, 1, 2]
[1, 1, 1, 2, 1, 1, 1, 2]
[1, 1, 1, 2, 1, 1, 1, 2]
[1, 1, 1, 1, 0, 0, 0, 1]
The record of NX:
[2, 2, 2, 2, 2, 2, 2, 2]
[1, 1, 1, 1, 1, 1, 1, 1]
[2, 2, 2, 2, 1, 1, 1, 1]
[1, 1, 1, 1, 2, 2, 2, 2]
[2, 2, 2, 2, 2, 2, 2, 2]
[2, 2, 2, 2, 2, 2, 2, 2]
[2, 2, 2, 2, 2, 2, 2, 2]
[1, 1, 1, 1, 1, 1, 1, 1]
============================================================
The round key of the  13 round
The order of K:
[40, 41, 42, 43, 44, 45, 46, 47]
[0, 1, 2, 3, 16, 17, 18, 19]
[52, 53, 54, 55, 56, 57, 58, 59]
[60, 61, 62, 63, 8, 9, 10, 11]
[12, 13, 14, 15, 20, 21, 22, 23]
[24, 25, 26, 27, 28, 29, 30, 31]
[32, 33, 34, 35, 36, 37, 38, 39]
[48, 49, 50, 51, 4, 5, 6, 7]
--------------------------------------------------------
The Overlap of C and N after  13  round
[3, 3, 3, 3, 2, 2, 2, 3]
[2, 2, 2, 3, 2, 2, 2, 3]
[2, 2, 2, 3, 3, 3, 3, 4]
[3, 3, 3, 4, 3, 3, 3, 4]
[3, 3, 3, 4, 3, 3, 3, 4]
[3, 3, 3, 4, 3, 3, 3, 4]
[3, 3, 3, 4, 3, 3, 3, 4]
[2, 2, 2, 2, 2, 2, 2, 3]
--------------------------------------------------------
The record of add constant:
[1, 1, 1, 1, 0, 0, 0, 1]
[1, 1, 1, 2, 1, 1, 1, 2]
[0, 0, 0, 1, 1, 1, 1, 2]
[1, 1, 1, 2, 1, 1, 1, 2]
[1, 1, 1, 2, 1, 1, 1, 2]
[1, 1, 1, 2, 1, 1, 1, 2]
[1, 1, 1, 2, 1, 1, 1, 2]
[1, 1, 1, 1, 1, 1, 1, 2]
The record of NX:
[2, 2, 2, 2, 2, 2, 2, 2]
[1, 1, 1, 1, 1, 1, 1, 1]
[2, 2, 2, 2, 2, 2, 2, 2]
[2, 2, 2, 2, 2, 2, 2, 2]
[2, 2, 2, 2, 2, 2, 2, 2]
[2, 2, 2, 2, 2, 2, 2, 2]
[2, 2, 2, 2, 2, 2, 2, 2]
[1, 1, 1, 1, 1, 1, 1, 1]
============================================================
The round key of the  14 round
The order of K:
[48, 49, 50, 51, 52, 53, 54, 55]
[56, 57, 58, 59, 60, 61, 62, 63]
[4, 5, 6, 7, 8, 9, 10, 11]
[12, 13, 14, 15, 20, 21, 22, 23]
[24, 25, 26, 27, 28, 29, 30, 31]
[32, 33, 34, 35, 36, 37, 38, 39]
[40, 41, 42, 43, 44, 45, 46, 47]
[0, 1, 2, 3, 16, 17, 18, 19]
--------------------------------------------------------
The Overlap of C and N after  14  round
[3, 3, 3, 3, 2, 2, 2, 3]
[3, 3, 3, 4, 3, 3, 3, 4]
[3, 3, 3, 4, 3, 3, 3, 4]
[3, 3, 3, 4, 3, 3, 3, 4]
[3, 3, 3, 4, 3, 3, 3, 4]
[3, 3, 3, 4, 3, 3, 3, 4]
[3, 3, 3, 4, 3, 3, 3, 4]
[2, 2, 2, 3, 2, 2, 2, 3]
--------------------------------------------------------
The record of add constant:
[1, 1, 1, 1, 0, 0, 0, 1]
[1, 1, 1, 2, 1, 1, 1, 2]
[1, 1, 1, 2, 1, 1, 1, 2]
[1, 1, 1, 2, 1, 1, 1, 2]
[1, 1, 1, 2, 1, 1, 1, 2]
[1, 1, 1, 2, 1, 1, 1, 2]
[1, 1, 1, 2, 1, 1, 1, 2]
[1, 1, 1, 2, 1, 1, 1, 2]
The record of NX:
[2, 2, 2, 2, 2, 2, 2, 2]
[2, 2, 2, 2, 2, 2, 2, 2]
[2, 2, 2, 2, 2, 2, 2, 2]
[2, 2, 2, 2, 2, 2, 2, 2]
[2, 2, 2, 2, 2, 2, 2, 2]
[2, 2, 2, 2, 2, 2, 2, 2]
[2, 2, 2, 2, 2, 2, 2, 2]
[1, 1, 1, 1, 1, 1, 1, 1]
============================================================
The round key of the  15 round
The order of K:
[0, 1, 2, 3, 4, 5, 6, 7]
[8, 9, 10, 11, 12, 13, 14, 15]
[16, 17, 18, 19, 20, 21, 22, 23]
[24, 25, 26, 27, 28, 29, 30, 31]
[32, 33, 34, 35, 36, 37, 38, 39]
[40, 41, 42, 43, 44, 45, 46, 47]
[48, 49, 50, 51, 52, 53, 54, 55]
[56, 57, 58, 59, 60, 61, 62, 63]
--------------------------------------------------------
The Overlap of C and N after  15  round
[3, 3, 3, 4, 3, 3, 3, 4]
[3, 3, 3, 4, 3, 3, 3, 4]
[3, 3, 3, 4, 3, 3, 3, 4]
[3, 3, 3, 4, 3, 3, 3, 4]
[3, 3, 3, 4, 3, 3, 3, 4]
[3, 3, 3, 4, 3, 3, 3, 4]
[3, 3, 3, 4, 3, 3, 3, 4]
[3, 3, 3, 4, 3, 3, 3, 4]
--------------------------------------------------------
The record of add constant:
[1, 1, 1, 2, 1, 1, 1, 2]
[1, 1, 1, 2, 1, 1, 1, 2]
[1, 1, 1, 2, 1, 1, 1, 2]
[1, 1, 1, 2, 1, 1, 1, 2]
[1, 1, 1, 2, 1, 1, 1, 2]
[1, 1, 1, 2, 1, 1, 1, 2]
[1, 1, 1, 2, 1, 1, 1, 2]
[1, 1, 1, 2, 1, 1, 1, 2]
The record of NX:
[2, 2, 2, 2, 2, 2, 2, 2]
[2, 2, 2, 2, 2, 2, 2, 2]
[2, 2, 2, 2, 2, 2, 2, 2]
[2, 2, 2, 2, 2, 2, 2, 2]
[2, 2, 2, 2, 2, 2, 2, 2]
[2, 2, 2, 2, 2, 2, 2, 2]
[2, 2, 2, 2, 2, 2, 2, 2]
[2, 2, 2, 2, 2, 2, 2, 2]


