=========================
diff=1
diffpos=3
Bguesskey[8]=Bguesskey[12]
Bguesskey[9]=Bguesskey[13]
Bguesskey[10]=Bguesskey[14]
Bguesskey[11]=Bguesskey[15]
=========================
0
17
34
51
68
85
102
119
136
153
170
187
204
221
238
255
256
273
290
307
324
341
358
375
392
409
426
443
460
477
494
511
512
529
546
563
580
597
614
631
648
665
682
699
716
733
750
767
768
785
802
819
836
853
870
887
904
921
938
955
972
989
1006
1023
1024
1041
1058
1075
1092
1109
1126
1143
1160
1177
1194
1211
1228
1245
1262
1279
1280
1297
1314
1331
1348
1365
1382
1399
1416
1433
1450
1467
1484
1501
1518
1535
1536
1553
1570
1587
1604
1621
1638
1655
1672
1689
1706
1723
1740
1757
1774
1791
1792
1809
1826
1843
1860
1877
1894
1911
1928
1945
1962
1979
1996
2013
2030
2047
2048
2065
2082
2099
2116
2133
2150
2167
2184
2201
2218
2235
2252
2269
2286
2303
2304
2321
2338
2355
2372
2389
2406
2423
2440
2457
2474
2491
2508
2525
2542
2559
2560
2577
2594
2611
2628
2645
2662
2679
2696
2713
2730
2747
2764
2781
2798
2815
2816
2833
2850
2867
2884
2901
2918
2935
2952
2969
2986
3003
3020
3037
3054
3071
3072
3089
3106
3123
3140
3157
3174
3191
3208
3225
3242
3259
3276
3293
3310
3327
3328
3345
3362
3379
3396
3413
3430
3447
3464
3481
3498
3515
3532
3549
3566
3583
3584
3601
3618
3635
3652
3669
3686
3703
3720
3737
3754
3771
3788
3805
3822
3839
3840
3857
3874
3891
3908
3925
3942
3959
3976
3993
4010
4027
4044
4061
4078
4095
4096
4113
4130
4147
4164
4181
4198
4215
4232
4249
4266
4283
4300
4317
4334
4351
4352
4369
4386
4403
4420
4437
4454
4471
4488
4505
4522
4539
4556
4573
4590
4607
4608
4625
4642
4659
4676
4693
4710
4727
4744
4761
4778
4795
4812
4829
4846
4863
4864
4881
4898
4915
4932
4949
4966
4983
5000
5017
5034
5051
5068
5085
5102
5119
5120
5137
5154
5171
5188
5205
5222
5239
5256
5273
5290
5307
5324
5341
5358
5375
5376
5393
5410
5427
5444
5461
5478
5495
5512
5529
5546
5563
5580
5597
5614
5631
5632
5649
5666
5683
5700
5717
5734
5751
5768
5785
5802
5819
5836
5853
5870
5887
5888
5905
5922
5939
5956
5973
5990
6007
6024
6041
6058
6075
6092
6109
6126
6143
6144
6161
6178
6195
6212
6229
6246
6263
6280
6297
6314
6331
6348
6365
6382
6399
6400
6417
6434
6451
6468
6485
6502
6519
6536
6553
6570
6587
6604
6621
6638
6655
6656
6673
6690
6707
6724
6741
6758
6775
6792
6809
6826
6843
6860
6877
6894
6911
6912
6929
6946
6963
6980
6997
7014
7031
7048
7065
7082
7099
7116
7133
7150
7167
7168
7185
7202
7219
7236
7253
7270
7287
7304
7321
7338
7355
7372
7389
7406
7423
7424
7441
7458
7475
7492
7509
7526
7543
7560
7577
7594
7611
7628
7645
7662
7679
7680
7697
7714
7731
7748
7765
7782
7799
7816
7833
7850
7867
7884
7901
7918
7935
7936
7953
7970
7987
8004
8021
8038
8055
8072
8089
8106
8123
8140
8157
8174
8191
8192
8209
8226
8243
8260
8277
8294
8311
8328
8345
8362
8379
8396
8413
8430
8447
8448
8465
8482
8499
8516
8533
8550
8567
8584
8601
8618
8635
8652
8669
8686
8703
8704
8721
8738
8755
8772
8789
8806
8823
8840
8857
8874
8891
8908
8925
8942
8959
8960
8977
8994
9011
9028
9045
9062
9079
9096
9113
9130
9147
9164
9181
9198
9215
9216
9233
9250
9267
9284
9301
9318
9335
9352
9369
9386
9403
9420
9437
9454
9471
9472
9489
9506
9523
9540
9557
9574
9591
9608
9625
9642
9659
9676
9693
9710
9727
9728
9745
9762
9779
9796
9813
9830
9847
9864
9881
9898
9915
9932
9949
9966
9983
9984
10001
10018
10035
10052
10069
10086
10103
10120
10137
10154
10171
10188
10205
10222
10239
10240
10257
10274
10291
10308
10325
10342
10359
10376
10393
10410
10427
10444
10461
10478
10495
10496
10513
10530
10547
10564
10581
10598
10615
10632
10649
10666
10683
10700
10717
10734
10751
10752
10769
10786
10803
10820
10837
10854
10871
10888
10905
10922
10939
10956
10973
10990
11007
11008
11025
11042
11059
11076
11093
11110
11127
11144
11161
11178
11195
11212
11229
11246
11263
11264
11281
11298
11315
11332
11349
11366
11383
11400
11417
11434
11451
11468
11485
11502
11519
11520
11537
11554
11571
11588
11605
11622
11639
11656
11673
11690
11707
11724
11741
11758
11775
11776
11793
11810
11827
11844
11861
11878
11895
11912
11929
11946
11963
11980
11997
12014
12031
12032
12049
12066
12083
12100
12117
12134
12151
12168
12185
12202
12219
12236
12253
12270
12287
12288
12305
12322
12339
12356
12373
12390
12407
12424
12441
12458
12475
12492
12509
12526
12543
12544
12561
12578
12595
12612
12629
12646
12663
12680
12697
12714
12731
12748
12765
12782
12799
12800
12817
12834
12851
12868
12885
12902
12919
12936
12953
12970
12987
13004
13021
13038
13055
13056
13073
13090
13107
13124
13141
13158
13175
13192
13209
13226
13243
13260
13277
13294
13311
13312
13329
13346
13363
13380
13397
13414
13431
13448
13465
13482
13499
13516
13533
13550
13567
13568
13585
13602
13619
13636
13653
13670
13687
13704
13721
13738
13755
13772
13789
13806
13823
13824
13841
13858
13875
13892
13909
13926
13943
13960
13977
13994
14011
14028
14045
14062
14079
14080
14097
14114
14131
14148
14165
14182
14199
14216
14233
14250
14267
14284
14301
14318
14335
14336
14353
14370
14387
14404
14421
14438
14455
14472
14489
14506
14523
14540
14557
14574
14591
14592
14609
14626
14643
14660
14677
14694
14711
14728
14745
14762
14779
14796
14813
14830
14847
14848
14865
14882
14899
14916
14933
14950
14967
14984
15001
15018
15035
15052
15069
15086
15103
15104
15121
15138
15155
15172
15189
15206
15223
15240
15257
15274
15291
15308
15325
15342
15359
15360
15377
15394
15411
15428
15445
15462
15479
15496
15513
15530
15547
15564
15581
15598
15615
15616
15633
15650
15667
15684
15701
15718
15735
15752
15769
15786
15803
15820
15837
15854
15871
15872
15889
15906
15923
15940
15957
15974
15991
16008
16025
16042
16059
16076
16093
16110
16127
16128
16145
16162
16179
16196
16213
16230
16247
16264
16281
16298
16315
16332
16349
16366
16383
16384
16401
16418
16435
16452
16469
16486
16503
16520
16537
16554
16571
16588
16605
16622
16639
16640
16657
16674
16691
16708
16725
16742
16759
16776
16793
16810
16827
16844
16861
16878
16895
16896
16913
16930
16947
16964
16981
16998
17015
17032
17049
17066
17083
17100
17117
17134
17151
17152
17169
17186
17203
17220
17237
17254
17271
17288
17305
17322
17339
17356
17373
17390
17407
17408
17425
17442
17459
17476
17493
17510
17527
17544
17561
17578
17595
17612
17629
17646
17663
17664
17681
17698
17715
17732
17749
17766
17783
17800
17817
17834
17851
17868
17885
17902
17919
17920
17937
17954
17971
17988
18005
18022
18039
18056
18073
18090
18107
18124
18141
18158
18175
18176
18193
18210
18227
18244
18261
18278
18295
18312
18329
18346
18363
18380
18397
18414
18431
18432
18449
18466
18483
18500
18517
18534
18551
18568
18585
18602
18619
18636
18653
18670
18687
18688
18705
18722
18739
18756
18773
18790
18807
18824
18841
18858
18875
18892
18909
18926
18943
18944
18961
18978
18995
19012
19029
19046
19063
19080
19097
19114
19131
19148
19165
19182
19199
19200
19217
19234
19251
19268
19285
19302
19319
19336
19353
19370
19387
19404
19421
19438
19455
19456
19473
19490
19507
19524
19541
19558
19575
19592
19609
19626
19643
19660
19677
19694
19711
19712
19729
19746
19763
19780
19797
19814
19831
19848
19865
19882
19899
19916
19933
19950
19967
19968
19985
20002
20019
20036
20053
20070
20087
20104
20121
20138
20155
20172
20189
20206
20223
20224
20241
20258
20275
20292
20309
20326
20343
20360
20377
20394
20411
20428
20445
20462
20479
20480
20497
20514
20531
20548
20565
20582
20599
20616
20633
20650
20667
20684
20701
20718
20735
20736
20753
20770
20787
20804
20821
20838
20855
20872
20889
20906
20923
20940
20957
20974
20991
20992
21009
21026
21043
21060
21077
21094
21111
21128
21145
21162
21179
21196
21213
21230
21247
21248
21265
21282
21299
21316
21333
21350
21367
21384
21401
21418
21435
21452
21469
21486
21503
21504
21521
21538
21555
21572
21589
21606
21623
21640
21657
21674
21691
21708
21725
21742
21759
21760
21777
21794
21811
21828
21845
21862
21879
21896
21913
21930
21947
21964
21981
21998
22015
22016
22033
22050
22067
22084
22101
22118
22135
22152
22169
22186
22203
22220
22237
22254
22271
22272
22289
22306
22323
22340
22357
22374
22391
22408
22425
22442
22459
22476
22493
22510
22527
22528
22545
22562
22579
22596
22613
22630
22647
22664
22681
22698
22715
22732
22749
22766
22783
22784
22801
22818
22835
22852
22869
22886
22903
22920
22937
22954
22971
22988
23005
23022
23039
23040
23057
23074
23091
23108
23125
23142
23159
23176
23193
23210
23227
23244
23261
23278
23295
23296
23313
23330
23347
23364
23381
23398
23415
23432
23449
23466
23483
23500
23517
23534
23551
23552
23569
23586
23603
23620
23637
23654
23671
23688
23705
23722
23739
23756
23773
23790
23807
23808
23825
23842
23859
23876
23893
23910
23927
23944
23961
23978
23995
24012
24029
24046
24063
24064
24081
24098
24115
24132
24149
24166
24183
24200
24217
24234
24251
24268
24285
24302
24319
24320
24337
24354
24371
24388
24405
24422
24439
24456
24473
24490
24507
24524
24541
24558
24575
24576
24593
24610
24627
24644
24661
24678
24695
24712
24729
24746
24763
24780
24797
24814
24831
24832
24849
24866
24883
24900
24917
24934
24951
24968
24985
25002
25019
25036
25053
25070
25087
25088
25105
25122
25139
25156
25173
25190
25207
25224
25241
25258
25275
25292
25309
25326
25343
25344
25361
25378
25395
25412
25429
25446
25463
25480
25497
25514
25531
25548
25565
25582
25599
25600
25617
25634
25651
25668
25685
25702
25719
25736
25753
25770
25787
25804
25821
25838
25855
25856
25873
25890
25907
25924
25941
25958
25975
25992
26009
26026
26043
26060
26077
26094
26111
26112
26129
26146
26163
26180
26197
26214
26231
26248
26265
26282
26299
26316
26333
26350
26367
26368
26385
26402
26419
26436
26453
26470
26487
26504
26521
26538
26555
26572
26589
26606
26623
26624
26641
26658
26675
26692
26709
26726
26743
26760
26777
26794
26811
26828
26845
26862
26879
26880
26897
26914
26931
26948
26965
26982
26999
27016
27033
27050
27067
27084
27101
27118
27135
27136
27153
27170
27187
27204
27221
27238
27255
27272
27289
27306
27323
27340
27357
27374
27391
27392
27409
27426
27443
27460
27477
27494
27511
27528
27545
27562
27579
27596
27613
27630
27647
27648
27665
27682
27699
27716
27733
27750
27767
27784
27801
27818
27835
27852
27869
27886
27903
27904
27921
27938
27955
27972
27989
28006
28023
28040
28057
28074
28091
28108
28125
28142
28159
28160
28177
28194
28211
28228
28245
28262
28279
28296
28313
28330
28347
28364
28381
28398
28415
28416
28433
28450
28467
28484
28501
28518
28535
28552
28569
28586
28603
28620
28637
28654
28671
28672
28689
28706
28723
28740
28757
28774
28791
28808
28825
28842
28859
28876
28893
28910
28927
28928
28945
28962
28979
28996
29013
29030
29047
29064
29081
29098
29115
29132
29149
29166
29183
29184
29201
29218
29235
29252
29269
29286
29303
29320
29337
29354
29371
29388
29405
29422
29439
29440
29457
29474
29491
29508
29525
29542
29559
29576
29593
29610
29627
29644
29661
29678
29695
29696
29713
29730
29747
29764
29781
29798
29815
29832
29849
29866
29883
29900
29917
29934
29951
29952
29969
29986
30003
30020
30037
30054
30071
30088
30105
30122
30139
30156
30173
30190
30207
30208
30225
30242
30259
30276
30293
30310
30327
30344
30361
30378
30395
30412
30429
30446
30463
30464
30481
30498
30515
30532
30549
30566
30583
30600
30617
30634
30651
30668
30685
30702
30719
30720
30737
30754
30771
30788
30805
30822
30839
30856
30873
30890
30907
30924
30941
30958
30975
30976
30993
31010
31027
31044
31061
31078
31095
31112
31129
31146
31163
31180
31197
31214
31231
31232
31249
31266
31283
31300
31317
31334
31351
31368
31385
31402
31419
31436
31453
31470
31487
31488
31505
31522
31539
31556
31573
31590
31607
31624
31641
31658
31675
31692
31709
31726
31743
31744
31761
31778
31795
31812
31829
31846
31863
31880
31897
31914
31931
31948
31965
31982
31999
32000
32017
32034
32051
32068
32085
32102
32119
32136
32153
32170
32187
32204
32221
32238
32255
32256
32273
32290
32307
32324
32341
32358
32375
32392
32409
32426
32443
32460
32477
32494
32511
32512
32529
32546
32563
32580
32597
32614
32631
32648
32665
32682
32699
32716
32733
32750
32767
32768
32785
32802
32819
32836
32853
32870
32887
32904
32921
32938
32955
32972
32989
33006
33023
33024
33041
33058
33075
33092
33109
33126
33143
33160
33177
33194
33211
33228
33245
33262
33279
33280
33297
33314
33331
33348
33365
33382
33399
33416
33433
33450
33467
33484
33501
33518
33535
33536
33553
33570
33587
33604
33621
33638
33655
33672
33689
33706
33723
33740
33757
33774
33791
33792
33809
33826
33843
33860
33877
33894
33911
33928
33945
33962
33979
33996
34013
34030
34047
34048
34065
34082
34099
34116
34133
34150
34167
34184
34201
34218
34235
34252
34269
34286
34303
34304
34321
34338
34355
34372
34389
34406
34423
34440
34457
34474
34491
34508
34525
34542
34559
34560
34577
34594
34611
34628
34645
34662
34679
34696
34713
34730
34747
34764
34781
34798
34815
34816
34833
34850
34867
34884
34901
34918
34935
34952
34969
34986
35003
35020
35037
35054
35071
35072
35089
35106
35123
35140
35157
35174
35191
35208
35225
35242
35259
35276
35293
35310
35327
35328
35345
35362
35379
35396
35413
35430
35447
35464
35481
35498
35515
35532
35549
35566
35583
35584
35601
35618
35635
35652
35669
35686
35703
35720
35737
35754
35771
35788
35805
35822
35839
35840
35857
35874
35891
35908
35925
35942
35959
35976
35993
36010
36027
36044
36061
36078
36095
36096
36113
36130
36147
36164
36181
36198
36215
36232
36249
36266
36283
36300
36317
36334
36351
36352
36369
36386
36403
36420
36437
36454
36471
36488
36505
36522
36539
36556
36573
36590
36607
36608
36625
36642
36659
36676
36693
36710
36727
36744
36761
36778
36795
36812
36829
36846
36863
36864
36881
36898
36915
36932
36949
36966
36983
37000
37017
37034
37051
37068
37085
37102
37119
37120
37137
37154
37171
37188
37205
37222
37239
37256
37273
37290
37307
37324
37341
37358
37375
37376
37393
37410
37427
37444
37461
37478
37495
37512
37529
37546
37563
37580
37597
37614
37631
37632
37649
37666
37683
37700
37717
37734
37751
37768
37785
37802
37819
37836
37853
37870
37887
37888
37905
37922
37939
37956
37973
37990
38007
38024
38041
38058
38075
38092
38109
38126
38143
38144
38161
38178
38195
38212
38229
38246
38263
38280
38297
38314
38331
38348
38365
38382
38399
38400
38417
38434
38451
38468
38485
38502
38519
38536
38553
38570
38587
38604
38621
38638
38655
38656
38673
38690
38707
38724
38741
38758
38775
38792
38809
38826
38843
38860
38877
38894
38911
38912
38929
38946
38963
38980
38997
39014
39031
39048
39065
39082
39099
39116
39133
39150
39167
39168
39185
39202
39219
39236
39253
39270
39287
39304
39321
39338
39355
39372
39389
39406
39423
39424
39441
39458
39475
39492
39509
39526
39543
39560
39577
39594
39611
39628
39645
39662
39679
39680
39697
39714
39731
39748
39765
39782
39799
39816
39833
39850
39867
39884
39901
39918
39935
39936
39953
39970
39987
40004
40021
40038
40055
40072
40089
40106
40123
40140
40157
40174
40191
40192
40209
40226
40243
40260
40277
40294
40311
40328
40345
40362
40379
40396
40413
40430
40447
40448
40465
40482
40499
40516
40533
40550
40567
40584
40601
40618
40635
40652
40669
40686
40703
40704
40721
40738
40755
40772
40789
40806
40823
40840
40857
40874
40891
40908
40925
40942
40959
40960
40977
40994
41011
41028
41045
41062
41079
41096
41113
41130
41147
41164
41181
41198
41215
41216
41233
41250
41267
41284
41301
41318
41335
41352
41369
41386
41403
41420
41437
41454
41471
41472
41489
41506
41523
41540
41557
41574
41591
41608
41625
41642
41659
41676
41693
41710
41727
41728
41745
41762
41779
41796
41813
41830
41847
41864
41881
41898
41915
41932
41949
41966
41983
41984
42001
42018
42035
42052
42069
42086
42103
42120
42137
42154
42171
42188
42205
42222
42239
42240
42257
42274
42291
42308
42325
42342
42359
42376
42393
42410
42427
42444
42461
42478
42495
42496
42513
42530
42547
42564
42581
42598
42615
42632
42649
42666
42683
42700
42717
42734
42751
42752
42769
42786
42803
42820
42837
42854
42871
42888
42905
42922
42939
42956
42973
42990
43007
43008
43025
43042
43059
43076
43093
43110
43127
43144
43161
43178
43195
43212
43229
43246
43263
43264
43281
43298
43315
43332
43349
43366
43383
43400
43417
43434
43451
43468
43485
43502
43519
43520
43537
43554
43571
43588
43605
43622
43639
43656
43673
43690
43707
43724
43741
43758
43775
43776
43793
43810
43827
43844
43861
43878
43895
43912
43929
43946
43963
43980
43997
44014
44031
44032
44049
44066
44083
44100
44117
44134
44151
44168
44185
44202
44219
44236
44253
44270
44287
44288
44305
44322
44339
44356
44373
44390
44407
44424
44441
44458
44475
44492
44509
44526
44543
44544
44561
44578
44595
44612
44629
44646
44663
44680
44697
44714
44731
44748
44765
44782
44799
44800
44817
44834
44851
44868
44885
44902
44919
44936
44953
44970
44987
45004
45021
45038
45055
45056
45073
45090
45107
45124
45141
45158
45175
45192
45209
45226
45243
45260
45277
45294
45311
45312
45329
45346
45363
45380
45397
45414
45431
45448
45465
45482
45499
45516
45533
45550
45567
45568
45585
45602
45619
45636
45653
45670
45687
45704
45721
45738
45755
45772
45789
45806
45823
45824
45841
45858
45875
45892
45909
45926
45943
45960
45977
45994
46011
46028
46045
46062
46079
46080
46097
46114
46131
46148
46165
46182
46199
46216
46233
46250
46267
46284
46301
46318
46335
46336
46353
46370
46387
46404
46421
46438
46455
46472
46489
46506
46523
46540
46557
46574
46591
46592
46609
46626
46643
46660
46677
46694
46711
46728
46745
46762
46779
46796
46813
46830
46847
46848
46865
46882
46899
46916
46933
46950
46967
46984
47001
47018
47035
47052
47069
47086
47103
47104
47121
47138
47155
47172
47189
47206
47223
47240
47257
47274
47291
47308
47325
47342
47359
47360
47377
47394
47411
47428
47445
47462
47479
47496
47513
47530
47547
47564
47581
47598
47615
47616
47633
47650
47667
47684
47701
47718
47735
47752
47769
47786
47803
47820
47837
47854
47871
47872
47889
47906
47923
47940
47957
47974
47991
48008
48025
48042
48059
48076
48093
48110
48127
48128
48145
48162
48179
48196
48213
48230
48247
48264
48281
48298
48315
48332
48349
48366
48383
48384
48401
48418
48435
48452
48469
48486
48503
48520
48537
48554
48571
48588
48605
48622
48639
48640
48657
48674
48691
48708
48725
48742
48759
48776
48793
48810
48827
48844
48861
48878
48895
48896
48913
48930
48947
48964
48981
48998
49015
49032
49049
49066
49083
49100
49117
49134
49151
49152
49169
49186
49203
49220
49237
49254
49271
49288
49305
49322
49339
49356
49373
49390
49407
49408
49425
49442
49459
49476
49493
49510
49527
49544
49561
49578
49595
49612
49629
49646
49663
49664
49681
49698
49715
49732
49749
49766
49783
49800
49817
49834
49851
49868
49885
49902
49919
49920
49937
49954
49971
49988
50005
50022
50039
50056
50073
50090
50107
50124
50141
50158
50175
50176
50193
50210
50227
50244
50261
50278
50295
50312
50329
50346
50363
50380
50397
50414
50431
50432
50449
50466
50483
50500
50517
50534
50551
50568
50585
50602
50619
50636
50653
50670
50687
50688
50705
50722
50739
50756
50773
50790
50807
50824
50841
50858
50875
50892
50909
50926
50943
50944
50961
50978
50995
51012
51029
51046
51063
51080
51097
51114
51131
51148
51165
51182
51199
51200
51217
51234
51251
51268
51285
51302
51319
51336
51353
51370
51387
51404
51421
51438
51455
51456
51473
51490
51507
51524
51541
51558
51575
51592
51609
51626
51643
51660
51677
51694
51711
51712
51729
51746
51763
51780
51797
51814
51831
51848
51865
51882
51899
51916
51933
51950
51967
51968
51985
52002
52019
52036
52053
52070
52087
52104
52121
52138
52155
52172
52189
52206
52223
52224
52241
52258
52275
52292
52309
52326
52343
52360
52377
52394
52411
52428
52445
52462
52479
52480
52497
52514
52531
52548
52565
52582
52599
52616
52633
52650
52667
52684
52701
52718
52735
52736
52753
52770
52787
52804
52821
52838
52855
52872
52889
52906
52923
52940
52957
52974
52991
52992
53009
53026
53043
53060
53077
53094
53111
53128
53145
53162
53179
53196
53213
53230
53247
53248
53265
53282
53299
53316
53333
53350
53367
53384
53401
53418
53435
53452
53469
53486
53503
53504
53521
53538
53555
53572
53589
53606
53623
53640
53657
53674
53691
53708
53725
53742
53759
53760
53777
53794
53811
53828
53845
53862
53879
53896
53913
53930
53947
53964
53981
53998
54015
54016
54033
54050
54067
54084
54101
54118
54135
54152
54169
54186
54203
54220
54237
54254
54271
54272
54289
54306
54323
54340
54357
54374
54391
54408
54425
54442
54459
54476
54493
54510
54527
54528
54545
54562
54579
54596
54613
54630
54647
54664
54681
54698
54715
54732
54749
54766
54783
54784
54801
54818
54835
54852
54869
54886
54903
54920
54937
54954
54971
54988
55005
55022
55039
55040
55057
55074
55091
55108
55125
55142
55159
55176
55193
55210
55227
55244
55261
55278
55295
55296
55313
55330
55347
55364
55381
55398
55415
55432
55449
55466
55483
55500
55517
55534
55551
55552
55569
55586
55603
55620
55637
55654
55671
55688
55705
55722
55739
55756
55773
55790
55807
55808
55825
55842
55859
55876
55893
55910
55927
55944
55961
55978
55995
56012
56029
56046
56063
56064
56081
56098
56115
56132
56149
56166
56183
56200
56217
56234
56251
56268
56285
56302
56319
56320
56337
56354
56371
56388
56405
56422
56439
56456
56473
56490
56507
56524
56541
56558
56575
56576
56593
56610
56627
56644
56661
56678
56695
56712
56729
56746
56763
56780
56797
56814
56831
56832
56849
56866
56883
56900
56917
56934
56951
56968
56985
57002
57019
57036
57053
57070
57087
57088
57105
57122
57139
57156
57173
57190
57207
57224
57241
57258
57275
57292
57309
57326
57343
57344
57361
57378
57395
57412
57429
57446
57463
57480
57497
57514
57531
57548
57565
57582
57599
57600
57617
57634
57651
57668
57685
57702
57719
57736
57753
57770
57787
57804
57821
57838
57855
57856
57873
57890
57907
57924
57941
57958
57975
57992
58009
58026
58043
58060
58077
58094
58111
58112
58129
58146
58163
58180
58197
58214
58231
58248
58265
58282
58299
58316
58333
58350
58367
58368
58385
58402
58419
58436
58453
58470
58487
58504
58521
58538
58555
58572
58589
58606
58623
58624
58641
58658
58675
58692
58709
58726
58743
58760
58777
58794
58811
58828
58845
58862
58879
58880
58897
58914
58931
58948
58965
58982
58999
59016
59033
59050
59067
59084
59101
59118
59135
59136
59153
59170
59187
59204
59221
59238
59255
59272
59289
59306
59323
59340
59357
59374
59391
59392
59409
59426
59443
59460
59477
59494
59511
59528
59545
59562
59579
59596
59613
59630
59647
59648
59665
59682
59699
59716
59733
59750
59767
59784
59801
59818
59835
59852
59869
59886
59903
59904
59921
59938
59955
59972
59989
60006
60023
60040
60057
60074
60091
60108
60125
60142
60159
60160
60177
60194
60211
60228
60245
60262
60279
60296
60313
60330
60347
60364
60381
60398
60415
60416
60433
60450
60467
60484
60501
60518
60535
60552
60569
60586
60603
60620
60637
60654
60671
60672
60689
60706
60723
60740
60757
60774
60791
60808
60825
60842
60859
60876
60893
60910
60927
60928
60945
60962
60979
60996
61013
61030
61047
61064
61081
61098
61115
61132
61149
61166
61183
61184
61201
61218
61235
61252
61269
61286
61303
61320
61337
61354
61371
61388
61405
61422
61439
61440
61457
61474
61491
61508
61525
61542
61559
61576
61593
61610
61627
61644
61661
61678
61695
61696
61713
61730
61747
61764
61781
61798
61815
61832
61849
61866
61883
61900
61917
61934
61951
61952
61969
61986
62003
62020
62037
62054
62071
62088
62105
62122
62139
62156
62173
62190
62207
62208
62225
62242
62259
62276
62293
62310
62327
62344
62361
62378
62395
62412
62429
62446
62463
62464
62481
62498
62515
62532
62549
62566
62583
62600
62617
62634
62651
62668
62685
62702
62719
62720
62737
62754
62771
62788
62805
62822
62839
62856
62873
62890
62907
62924
62941
62958
62975
62976
62993
63010
63027
63044
63061
63078
63095
63112
63129
63146
63163
63180
63197
63214
63231
63232
63249
63266
63283
63300
63317
63334
63351
63368
63385
63402
63419
63436
63453
63470
63487
63488
63505
63522
63539
63556
63573
63590
63607
63624
63641
63658
63675
63692
63709
63726
63743
63744
63761
63778
63795
63812
63829
63846
63863
63880
63897
63914
63931
63948
63965
63982
63999
64000
64017
64034
64051
64068
64085
64102
64119
64136
64153
64170
64187
64204
64221
64238
64255
64256
64273
64290
64307
64324
64341
64358
64375
64392
64409
64426
64443
64460
64477
64494
64511
64512
64529
64546
64563
64580
64597
64614
64631
64648
64665
64682
64699
64716
64733
64750
64767
64768
64785
64802
64819
64836
64853
64870
64887
64904
64921
64938
64955
64972
64989
65006
65023
65024
65041
65058
65075
65092
65109
65126
65143
65160
65177
65194
65211
65228
65245
65262
65279
65280
65297
65314
65331
65348
65365
65382
65399
65416
65433
65450
65467
65484
65501
65518
65535
