===================
diff=1
diffpos=5
Bguesskey[15]=Bguesskey[11]
===================
12
14
29
31
44
46
61
63
72
74
89
91
104
106
121
123
132
134
149
151
164
166
181
183
192
194
209
211
224
226
241
243
268
270
285
287
300
302
317
319
328
330
345
347
360
362
377
379
388
390
405
407
420
422
437
439
448
450
465
467
480
482
497
499
524
526
541
543
556
558
573
575
584
586
601
603
616
618
633
635
644
646
661
663
676
678
693
695
704
706
721
723
736
738
753
755
780
782
797
799
812
814
829
831
840
842
857
859
872
874
889
891
900
902
917
919
932
934
949
951
960
962
977
979
992
994
1009
1011
1036
1038
1053
1055
1068
1070
1085
1087
1096
1098
1113
1115
1128
1130
1145
1147
1156
1158
1173
1175
1188
1190
1205
1207
1216
1218
1233
1235
1248
1250
1265
1267
1292
1294
1309
1311
1324
1326
1341
1343
1352
1354
1369
1371
1384
1386
1401
1403
1412
1414
1429
1431
1444
1446
1461
1463
1472
1474
1489
1491
1504
1506
1521
1523
1548
1550
1565
1567
1580
1582
1597
1599
1608
1610
1625
1627
1640
1642
1657
1659
1668
1670
1685
1687
1700
1702
1717
1719
1728
1730
1745
1747
1760
1762
1777
1779
1804
1806
1821
1823
1836
1838
1853
1855
1864
1866
1881
1883
1896
1898
1913
1915
1924
1926
1941
1943
1956
1958
1973
1975
1984
1986
2001
2003
2016
2018
2033
2035
2060
2062
2077
2079
2092
2094
2109
2111
2120
2122
2137
2139
2152
2154
2169
2171
2180
2182
2197
2199
2212
2214
2229
2231
2240
2242
2257
2259
2272
2274
2289
2291
2316
2318
2333
2335
2348
2350
2365
2367
2376
2378
2393
2395
2408
2410
2425
2427
2436
2438
2453
2455
2468
2470
2485
2487
2496
2498
2513
2515
2528
2530
2545
2547
2572
2574
2589
2591
2604
2606
2621
2623
2632
2634
2649
2651
2664
2666
2681
2683
2692
2694
2709
2711
2724
2726
2741
2743
2752
2754
2769
2771
2784
2786
2801
2803
2828
2830
2845
2847
2860
2862
2877
2879
2888
2890
2905
2907
2920
2922
2937
2939
2948
2950
2965
2967
2980
2982
2997
2999
3008
3010
3025
3027
3040
3042
3057
3059
3084
3086
3101
3103
3116
3118
3133
3135
3144
3146
3161
3163
3176
3178
3193
3195
3204
3206
3221
3223
3236
3238
3253
3255
3264
3266
3281
3283
3296
3298
3313
3315
3340
3342
3357
3359
3372
3374
3389
3391
3400
3402
3417
3419
3432
3434
3449
3451
3460
3462
3477
3479
3492
3494
3509
3511
3520
3522
3537
3539
3552
3554
3569
3571
3596
3598
3613
3615
3628
3630
3645
3647
3656
3658
3673
3675
3688
3690
3705
3707
3716
3718
3733
3735
3748
3750
3765
3767
3776
3778
3793
3795
3808
3810
3825
3827
3852
3854
3869
3871
3884
3886
3901
3903
3912
3914
3929
3931
3944
3946
3961
3963
3972
3974
3989
3991
4004
4006
4021
4023
4032
4034
4049
4051
4064
4066
4081
4083
4108
4110
4125
4127
4140
4142
4157
4159
4168
4170
4185
4187
4200
4202
4217
4219
4228
4230
4245
4247
4260
4262
4277
4279
4288
4290
4305
4307
4320
4322
4337
4339
4364
4366
4381
4383
4396
4398
4413
4415
4424
4426
4441
4443
4456
4458
4473
4475
4484
4486
4501
4503
4516
4518
4533
4535
4544
4546
4561
4563
4576
4578
4593
4595
4620
4622
4637
4639
4652
4654
4669
4671
4680
4682
4697
4699
4712
4714
4729
4731
4740
4742
4757
4759
4772
4774
4789
4791
4800
4802
4817
4819
4832
4834
4849
4851
4876
4878
4893
4895
4908
4910
4925
4927
4936
4938
4953
4955
4968
4970
4985
4987
4996
4998
5013
5015
5028
5030
5045
5047
5056
5058
5073
5075
5088
5090
5105
5107
5132
5134
5149
5151
5164
5166
5181
5183
5192
5194
5209
5211
5224
5226
5241
5243
5252
5254
5269
5271
5284
5286
5301
5303
5312
5314
5329
5331
5344
5346
5361
5363
5388
5390
5405
5407
5420
5422
5437
5439
5448
5450
5465
5467
5480
5482
5497
5499
5508
5510
5525
5527
5540
5542
5557
5559
5568
5570
5585
5587
5600
5602
5617
5619
5644
5646
5661
5663
5676
5678
5693
5695
5704
5706
5721
5723
5736
5738
5753
5755
5764
5766
5781
5783
5796
5798
5813
5815
5824
5826
5841
5843
5856
5858
5873
5875
5900
5902
5917
5919
5932
5934
5949
5951
5960
5962
5977
5979
5992
5994
6009
6011
6020
6022
6037
6039
6052
6054
6069
6071
6080
6082
6097
6099
6112
6114
6129
6131
6156
6158
6173
6175
6188
6190
6205
6207
6216
6218
6233
6235
6248
6250
6265
6267
6276
6278
6293
6295
6308
6310
6325
6327
6336
6338
6353
6355
6368
6370
6385
6387
6412
6414
6429
6431
6444
6446
6461
6463
6472
6474
6489
6491
6504
6506
6521
6523
6532
6534
6549
6551
6564
6566
6581
6583
6592
6594
6609
6611
6624
6626
6641
6643
6668
6670
6685
6687
6700
6702
6717
6719
6728
6730
6745
6747
6760
6762
6777
6779
6788
6790
6805
6807
6820
6822
6837
6839
6848
6850
6865
6867
6880
6882
6897
6899
6924
6926
6941
6943
6956
6958
6973
6975
6984
6986
7001
7003
7016
7018
7033
7035
7044
7046
7061
7063
7076
7078
7093
7095
7104
7106
7121
7123
7136
7138
7153
7155
7180
7182
7197
7199
7212
7214
7229
7231
7240
7242
7257
7259
7272
7274
7289
7291
7300
7302
7317
7319
7332
7334
7349
7351
7360
7362
7377
7379
7392
7394
7409
7411
7436
7438
7453
7455
7468
7470
7485
7487
7496
7498
7513
7515
7528
7530
7545
7547
7556
7558
7573
7575
7588
7590
7605
7607
7616
7618
7633
7635
7648
7650
7665
7667
7692
7694
7709
7711
7724
7726
7741
7743
7752
7754
7769
7771
7784
7786
7801
7803
7812
7814
7829
7831
7844
7846
7861
7863
7872
7874
7889
7891
7904
7906
7921
7923
7948
7950
7965
7967
7980
7982
7997
7999
8008
8010
8025
8027
8040
8042
8057
8059
8068
8070
8085
8087
8100
8102
8117
8119
8128
8130
8145
8147
8160
8162
8177
8179
8204
8206
8221
8223
8236
8238
8253
8255
8264
8266
8281
8283
8296
8298
8313
8315
8324
8326
8341
8343
8356
8358
8373
8375
8384
8386
8401
8403
8416
8418
8433
8435
8460
8462
8477
8479
8492
8494
8509
8511
8520
8522
8537
8539
8552
8554
8569
8571
8580
8582
8597
8599
8612
8614
8629
8631
8640
8642
8657
8659
8672
8674
8689
8691
8716
8718
8733
8735
8748
8750
8765
8767
8776
8778
8793
8795
8808
8810
8825
8827
8836
8838
8853
8855
8868
8870
8885
8887
8896
8898
8913
8915
8928
8930
8945
8947
8972
8974
8989
8991
9004
9006
9021
9023
9032
9034
9049
9051
9064
9066
9081
9083
9092
9094
9109
9111
9124
9126
9141
9143
9152
9154
9169
9171
9184
9186
9201
9203
9228
9230
9245
9247
9260
9262
9277
9279
9288
9290
9305
9307
9320
9322
9337
9339
9348
9350
9365
9367
9380
9382
9397
9399
9408
9410
9425
9427
9440
9442
9457
9459
9484
9486
9501
9503
9516
9518
9533
9535
9544
9546
9561
9563
9576
9578
9593
9595
9604
9606
9621
9623
9636
9638
9653
9655
9664
9666
9681
9683
9696
9698
9713
9715
9740
9742
9757
9759
9772
9774
9789
9791
9800
9802
9817
9819
9832
9834
9849
9851
9860
9862
9877
9879
9892
9894
9909
9911
9920
9922
9937
9939
9952
9954
9969
9971
9996
9998
10013
10015
10028
10030
10045
10047
10056
10058
10073
10075
10088
10090
10105
10107
10116
10118
10133
10135
10148
10150
10165
10167
10176
10178
10193
10195
10208
10210
10225
10227
10252
10254
10269
10271
10284
10286
10301
10303
10312
10314
10329
10331
10344
10346
10361
10363
10372
10374
10389
10391
10404
10406
10421
10423
10432
10434
10449
10451
10464
10466
10481
10483
10508
10510
10525
10527
10540
10542
10557
10559
10568
10570
10585
10587
10600
10602
10617
10619
10628
10630
10645
10647
10660
10662
10677
10679
10688
10690
10705
10707
10720
10722
10737
10739
10764
10766
10781
10783
10796
10798
10813
10815
10824
10826
10841
10843
10856
10858
10873
10875
10884
10886
10901
10903
10916
10918
10933
10935
10944
10946
10961
10963
10976
10978
10993
10995
11020
11022
11037
11039
11052
11054
11069
11071
11080
11082
11097
11099
11112
11114
11129
11131
11140
11142
11157
11159
11172
11174
11189
11191
11200
11202
11217
11219
11232
11234
11249
11251
11276
11278
11293
11295
11308
11310
11325
11327
11336
11338
11353
11355
11368
11370
11385
11387
11396
11398
11413
11415
11428
11430
11445
11447
11456
11458
11473
11475
11488
11490
11505
11507
11532
11534
11549
11551
11564
11566
11581
11583
11592
11594
11609
11611
11624
11626
11641
11643
11652
11654
11669
11671
11684
11686
11701
11703
11712
11714
11729
11731
11744
11746
11761
11763
11788
11790
11805
11807
11820
11822
11837
11839
11848
11850
11865
11867
11880
11882
11897
11899
11908
11910
11925
11927
11940
11942
11957
11959
11968
11970
11985
11987
12000
12002
12017
12019
12044
12046
12061
12063
12076
12078
12093
12095
12104
12106
12121
12123
12136
12138
12153
12155
12164
12166
12181
12183
12196
12198
12213
12215
12224
12226
12241
12243
12256
12258
12273
12275
12300
12302
12317
12319
12332
12334
12349
12351
12360
12362
12377
12379
12392
12394
12409
12411
12420
12422
12437
12439
12452
12454
12469
12471
12480
12482
12497
12499
12512
12514
12529
12531
12556
12558
12573
12575
12588
12590
12605
12607
12616
12618
12633
12635
12648
12650
12665
12667
12676
12678
12693
12695
12708
12710
12725
12727
12736
12738
12753
12755
12768
12770
12785
12787
12812
12814
12829
12831
12844
12846
12861
12863
12872
12874
12889
12891
12904
12906
12921
12923
12932
12934
12949
12951
12964
12966
12981
12983
12992
12994
13009
13011
13024
13026
13041
13043
13068
13070
13085
13087
13100
13102
13117
13119
13128
13130
13145
13147
13160
13162
13177
13179
13188
13190
13205
13207
13220
13222
13237
13239
13248
13250
13265
13267
13280
13282
13297
13299
13324
13326
13341
13343
13356
13358
13373
13375
13384
13386
13401
13403
13416
13418
13433
13435
13444
13446
13461
13463
13476
13478
13493
13495
13504
13506
13521
13523
13536
13538
13553
13555
13580
13582
13597
13599
13612
13614
13629
13631
13640
13642
13657
13659
13672
13674
13689
13691
13700
13702
13717
13719
13732
13734
13749
13751
13760
13762
13777
13779
13792
13794
13809
13811
13836
13838
13853
13855
13868
13870
13885
13887
13896
13898
13913
13915
13928
13930
13945
13947
13956
13958
13973
13975
13988
13990
14005
14007
14016
14018
14033
14035
14048
14050
14065
14067
14092
14094
14109
14111
14124
14126
14141
14143
14152
14154
14169
14171
14184
14186
14201
14203
14212
14214
14229
14231
14244
14246
14261
14263
14272
14274
14289
14291
14304
14306
14321
14323
14348
14350
14365
14367
14380
14382
14397
14399
14408
14410
14425
14427
14440
14442
14457
14459
14468
14470
14485
14487
14500
14502
14517
14519
14528
14530
14545
14547
14560
14562
14577
14579
14604
14606
14621
14623
14636
14638
14653
14655
14664
14666
14681
14683
14696
14698
14713
14715
14724
14726
14741
14743
14756
14758
14773
14775
14784
14786
14801
14803
14816
14818
14833
14835
14860
14862
14877
14879
14892
14894
14909
14911
14920
14922
14937
14939
14952
14954
14969
14971
14980
14982
14997
14999
15012
15014
15029
15031
15040
15042
15057
15059
15072
15074
15089
15091
15116
15118
15133
15135
15148
15150
15165
15167
15176
15178
15193
15195
15208
15210
15225
15227
15236
15238
15253
15255
15268
15270
15285
15287
15296
15298
15313
15315
15328
15330
15345
15347
15372
15374
15389
15391
15404
15406
15421
15423
15432
15434
15449
15451
15464
15466
15481
15483
15492
15494
15509
15511
15524
15526
15541
15543
15552
15554
15569
15571
15584
15586
15601
15603
15628
15630
15645
15647
15660
15662
15677
15679
15688
15690
15705
15707
15720
15722
15737
15739
15748
15750
15765
15767
15780
15782
15797
15799
15808
15810
15825
15827
15840
15842
15857
15859
15884
15886
15901
15903
15916
15918
15933
15935
15944
15946
15961
15963
15976
15978
15993
15995
16004
16006
16021
16023
16036
16038
16053
16055
16064
16066
16081
16083
16096
16098
16113
16115
16140
16142
16157
16159
16172
16174
16189
16191
16200
16202
16217
16219
16232
16234
16249
16251
16260
16262
16277
16279
16292
16294
16309
16311
16320
16322
16337
16339
16352
16354
16369
16371
16396
16398
16413
16415
16428
16430
16445
16447
16456
16458
16473
16475
16488
16490
16505
16507
16516
16518
16533
16535
16548
16550
16565
16567
16576
16578
16593
16595
16608
16610
16625
16627
16652
16654
16669
16671
16684
16686
16701
16703
16712
16714
16729
16731
16744
16746
16761
16763
16772
16774
16789
16791
16804
16806
16821
16823
16832
16834
16849
16851
16864
16866
16881
16883
16908
16910
16925
16927
16940
16942
16957
16959
16968
16970
16985
16987
17000
17002
17017
17019
17028
17030
17045
17047
17060
17062
17077
17079
17088
17090
17105
17107
17120
17122
17137
17139
17164
17166
17181
17183
17196
17198
17213
17215
17224
17226
17241
17243
17256
17258
17273
17275
17284
17286
17301
17303
17316
17318
17333
17335
17344
17346
17361
17363
17376
17378
17393
17395
17420
17422
17437
17439
17452
17454
17469
17471
17480
17482
17497
17499
17512
17514
17529
17531
17540
17542
17557
17559
17572
17574
17589
17591
17600
17602
17617
17619
17632
17634
17649
17651
17676
17678
17693
17695
17708
17710
17725
17727
17736
17738
17753
17755
17768
17770
17785
17787
17796
17798
17813
17815
17828
17830
17845
17847
17856
17858
17873
17875
17888
17890
17905
17907
17932
17934
17949
17951
17964
17966
17981
17983
17992
17994
18009
18011
18024
18026
18041
18043
18052
18054
18069
18071
18084
18086
18101
18103
18112
18114
18129
18131
18144
18146
18161
18163
18188
18190
18205
18207
18220
18222
18237
18239
18248
18250
18265
18267
18280
18282
18297
18299
18308
18310
18325
18327
18340
18342
18357
18359
18368
18370
18385
18387
18400
18402
18417
18419
18444
18446
18461
18463
18476
18478
18493
18495
18504
18506
18521
18523
18536
18538
18553
18555
18564
18566
18581
18583
18596
18598
18613
18615
18624
18626
18641
18643
18656
18658
18673
18675
18700
18702
18717
18719
18732
18734
18749
18751
18760
18762
18777
18779
18792
18794
18809
18811
18820
18822
18837
18839
18852
18854
18869
18871
18880
18882
18897
18899
18912
18914
18929
18931
18956
18958
18973
18975
18988
18990
19005
19007
19016
19018
19033
19035
19048
19050
19065
19067
19076
19078
19093
19095
19108
19110
19125
19127
19136
19138
19153
19155
19168
19170
19185
19187
19212
19214
19229
19231
19244
19246
19261
19263
19272
19274
19289
19291
19304
19306
19321
19323
19332
19334
19349
19351
19364
19366
19381
19383
19392
19394
19409
19411
19424
19426
19441
19443
19468
19470
19485
19487
19500
19502
19517
19519
19528
19530
19545
19547
19560
19562
19577
19579
19588
19590
19605
19607
19620
19622
19637
19639
19648
19650
19665
19667
19680
19682
19697
19699
19724
19726
19741
19743
19756
19758
19773
19775
19784
19786
19801
19803
19816
19818
19833
19835
19844
19846
19861
19863
19876
19878
19893
19895
19904
19906
19921
19923
19936
19938
19953
19955
19980
19982
19997
19999
20012
20014
20029
20031
20040
20042
20057
20059
20072
20074
20089
20091
20100
20102
20117
20119
20132
20134
20149
20151
20160
20162
20177
20179
20192
20194
20209
20211
20236
20238
20253
20255
20268
20270
20285
20287
20296
20298
20313
20315
20328
20330
20345
20347
20356
20358
20373
20375
20388
20390
20405
20407
20416
20418
20433
20435
20448
20450
20465
20467
20492
20494
20509
20511
20524
20526
20541
20543
20552
20554
20569
20571
20584
20586
20601
20603
20612
20614
20629
20631
20644
20646
20661
20663
20672
20674
20689
20691
20704
20706
20721
20723
20748
20750
20765
20767
20780
20782
20797
20799
20808
20810
20825
20827
20840
20842
20857
20859
20868
20870
20885
20887
20900
20902
20917
20919
20928
20930
20945
20947
20960
20962
20977
20979
21004
21006
21021
21023
21036
21038
21053
21055
21064
21066
21081
21083
21096
21098
21113
21115
21124
21126
21141
21143
21156
21158
21173
21175
21184
21186
21201
21203
21216
21218
21233
21235
21260
21262
21277
21279
21292
21294
21309
21311
21320
21322
21337
21339
21352
21354
21369
21371
21380
21382
21397
21399
21412
21414
21429
21431
21440
21442
21457
21459
21472
21474
21489
21491
21516
21518
21533
21535
21548
21550
21565
21567
21576
21578
21593
21595
21608
21610
21625
21627
21636
21638
21653
21655
21668
21670
21685
21687
21696
21698
21713
21715
21728
21730
21745
21747
21772
21774
21789
21791
21804
21806
21821
21823
21832
21834
21849
21851
21864
21866
21881
21883
21892
21894
21909
21911
21924
21926
21941
21943
21952
21954
21969
21971
21984
21986
22001
22003
22028
22030
22045
22047
22060
22062
22077
22079
22088
22090
22105
22107
22120
22122
22137
22139
22148
22150
22165
22167
22180
22182
22197
22199
22208
22210
22225
22227
22240
22242
22257
22259
22284
22286
22301
22303
22316
22318
22333
22335
22344
22346
22361
22363
22376
22378
22393
22395
22404
22406
22421
22423
22436
22438
22453
22455
22464
22466
22481
22483
22496
22498
22513
22515
22540
22542
22557
22559
22572
22574
22589
22591
22600
22602
22617
22619
22632
22634
22649
22651
22660
22662
22677
22679
22692
22694
22709
22711
22720
22722
22737
22739
22752
22754
22769
22771
22796
22798
22813
22815
22828
22830
22845
22847
22856
22858
22873
22875
22888
22890
22905
22907
22916
22918
22933
22935
22948
22950
22965
22967
22976
22978
22993
22995
23008
23010
23025
23027
23052
23054
23069
23071
23084
23086
23101
23103
23112
23114
23129
23131
23144
23146
23161
23163
23172
23174
23189
23191
23204
23206
23221
23223
23232
23234
23249
23251
23264
23266
23281
23283
23308
23310
23325
23327
23340
23342
23357
23359
23368
23370
23385
23387
23400
23402
23417
23419
23428
23430
23445
23447
23460
23462
23477
23479
23488
23490
23505
23507
23520
23522
23537
23539
23564
23566
23581
23583
23596
23598
23613
23615
23624
23626
23641
23643
23656
23658
23673
23675
23684
23686
23701
23703
23716
23718
23733
23735
23744
23746
23761
23763
23776
23778
23793
23795
23820
23822
23837
23839
23852
23854
23869
23871
23880
23882
23897
23899
23912
23914
23929
23931
23940
23942
23957
23959
23972
23974
23989
23991
24000
24002
24017
24019
24032
24034
24049
24051
24076
24078
24093
24095
24108
24110
24125
24127
24136
24138
24153
24155
24168
24170
24185
24187
24196
24198
24213
24215
24228
24230
24245
24247
24256
24258
24273
24275
24288
24290
24305
24307
24332
24334
24349
24351
24364
24366
24381
24383
24392
24394
24409
24411
24424
24426
24441
24443
24452
24454
24469
24471
24484
24486
24501
24503
24512
24514
24529
24531
24544
24546
24561
24563
24588
24590
24605
24607
24620
24622
24637
24639
24648
24650
24665
24667
24680
24682
24697
24699
24708
24710
24725
24727
24740
24742
24757
24759
24768
24770
24785
24787
24800
24802
24817
24819
24844
24846
24861
24863
24876
24878
24893
24895
24904
24906
24921
24923
24936
24938
24953
24955
24964
24966
24981
24983
24996
24998
25013
25015
25024
25026
25041
25043
25056
25058
25073
25075
25100
25102
25117
25119
25132
25134
25149
25151
25160
25162
25177
25179
25192
25194
25209
25211
25220
25222
25237
25239
25252
25254
25269
25271
25280
25282
25297
25299
25312
25314
25329
25331
25356
25358
25373
25375
25388
25390
25405
25407
25416
25418
25433
25435
25448
25450
25465
25467
25476
25478
25493
25495
25508
25510
25525
25527
25536
25538
25553
25555
25568
25570
25585
25587
25612
25614
25629
25631
25644
25646
25661
25663
25672
25674
25689
25691
25704
25706
25721
25723
25732
25734
25749
25751
25764
25766
25781
25783
25792
25794
25809
25811
25824
25826
25841
25843
25868
25870
25885
25887
25900
25902
25917
25919
25928
25930
25945
25947
25960
25962
25977
25979
25988
25990
26005
26007
26020
26022
26037
26039
26048
26050
26065
26067
26080
26082
26097
26099
26124
26126
26141
26143
26156
26158
26173
26175
26184
26186
26201
26203
26216
26218
26233
26235
26244
26246
26261
26263
26276
26278
26293
26295
26304
26306
26321
26323
26336
26338
26353
26355
26380
26382
26397
26399
26412
26414
26429
26431
26440
26442
26457
26459
26472
26474
26489
26491
26500
26502
26517
26519
26532
26534
26549
26551
26560
26562
26577
26579
26592
26594
26609
26611
26636
26638
26653
26655
26668
26670
26685
26687
26696
26698
26713
26715
26728
26730
26745
26747
26756
26758
26773
26775
26788
26790
26805
26807
26816
26818
26833
26835
26848
26850
26865
26867
26892
26894
26909
26911
26924
26926
26941
26943
26952
26954
26969
26971
26984
26986
27001
27003
27012
27014
27029
27031
27044
27046
27061
27063
27072
27074
27089
27091
27104
27106
27121
27123
27148
27150
27165
27167
27180
27182
27197
27199
27208
27210
27225
27227
27240
27242
27257
27259
27268
27270
27285
27287
27300
27302
27317
27319
27328
27330
27345
27347
27360
27362
27377
27379
27404
27406
27421
27423
27436
27438
27453
27455
27464
27466
27481
27483
27496
27498
27513
27515
27524
27526
27541
27543
27556
27558
27573
27575
27584
27586
27601
27603
27616
27618
27633
27635
27660
27662
27677
27679
27692
27694
27709
27711
27720
27722
27737
27739
27752
27754
27769
27771
27780
27782
27797
27799
27812
27814
27829
27831
27840
27842
27857
27859
27872
27874
27889
27891
27916
27918
27933
27935
27948
27950
27965
27967
27976
27978
27993
27995
28008
28010
28025
28027
28036
28038
28053
28055
28068
28070
28085
28087
28096
28098
28113
28115
28128
28130
28145
28147
28172
28174
28189
28191
28204
28206
28221
28223
28232
28234
28249
28251
28264
28266
28281
28283
28292
28294
28309
28311
28324
28326
28341
28343
28352
28354
28369
28371
28384
28386
28401
28403
28428
28430
28445
28447
28460
28462
28477
28479
28488
28490
28505
28507
28520
28522
28537
28539
28548
28550
28565
28567
28580
28582
28597
28599
28608
28610
28625
28627
28640
28642
28657
28659
28684
28686
28701
28703
28716
28718
28733
28735
28744
28746
28761
28763
28776
28778
28793
28795
28804
28806
28821
28823
28836
28838
28853
28855
28864
28866
28881
28883
28896
28898
28913
28915
28940
28942
28957
28959
28972
28974
28989
28991
29000
29002
29017
29019
29032
29034
29049
29051
29060
29062
29077
29079
29092
29094
29109
29111
29120
29122
29137
29139
29152
29154
29169
29171
29196
29198
29213
29215
29228
29230
29245
29247
29256
29258
29273
29275
29288
29290
29305
29307
29316
29318
29333
29335
29348
29350
29365
29367
29376
29378
29393
29395
29408
29410
29425
29427
29452
29454
29469
29471
29484
29486
29501
29503
29512
29514
29529
29531
29544
29546
29561
29563
29572
29574
29589
29591
29604
29606
29621
29623
29632
29634
29649
29651
29664
29666
29681
29683
29708
29710
29725
29727
29740
29742
29757
29759
29768
29770
29785
29787
29800
29802
29817
29819
29828
29830
29845
29847
29860
29862
29877
29879
29888
29890
29905
29907
29920
29922
29937
29939
29964
29966
29981
29983
29996
29998
30013
30015
30024
30026
30041
30043
30056
30058
30073
30075
30084
30086
30101
30103
30116
30118
30133
30135
30144
30146
30161
30163
30176
30178
30193
30195
30220
30222
30237
30239
30252
30254
30269
30271
30280
30282
30297
30299
30312
30314
30329
30331
30340
30342
30357
30359
30372
30374
30389
30391
30400
30402
30417
30419
30432
30434
30449
30451
30476
30478
30493
30495
30508
30510
30525
30527
30536
30538
30553
30555
30568
30570
30585
30587
30596
30598
30613
30615
30628
30630
30645
30647
30656
30658
30673
30675
30688
30690
30705
30707
30732
30734
30749
30751
30764
30766
30781
30783
30792
30794
30809
30811
30824
30826
30841
30843
30852
30854
30869
30871
30884
30886
30901
30903
30912
30914
30929
30931
30944
30946
30961
30963
30988
30990
31005
31007
31020
31022
31037
31039
31048
31050
31065
31067
31080
31082
31097
31099
31108
31110
31125
31127
31140
31142
31157
31159
31168
31170
31185
31187
31200
31202
31217
31219
31244
31246
31261
31263
31276
31278
31293
31295
31304
31306
31321
31323
31336
31338
31353
31355
31364
31366
31381
31383
31396
31398
31413
31415
31424
31426
31441
31443
31456
31458
31473
31475
31500
31502
31517
31519
31532
31534
31549
31551
31560
31562
31577
31579
31592
31594
31609
31611
31620
31622
31637
31639
31652
31654
31669
31671
31680
31682
31697
31699
31712
31714
31729
31731
31756
31758
31773
31775
31788
31790
31805
31807
31816
31818
31833
31835
31848
31850
31865
31867
31876
31878
31893
31895
31908
31910
31925
31927
31936
31938
31953
31955
31968
31970
31985
31987
32012
32014
32029
32031
32044
32046
32061
32063
32072
32074
32089
32091
32104
32106
32121
32123
32132
32134
32149
32151
32164
32166
32181
32183
32192
32194
32209
32211
32224
32226
32241
32243
32268
32270
32285
32287
32300
32302
32317
32319
32328
32330
32345
32347
32360
32362
32377
32379
32388
32390
32405
32407
32420
32422
32437
32439
32448
32450
32465
32467
32480
32482
32497
32499
32524
32526
32541
32543
32556
32558
32573
32575
32584
32586
32601
32603
32616
32618
32633
32635
32644
32646
32661
32663
32676
32678
32693
32695
32704
32706
32721
32723
32736
32738
32753
32755
32780
32782
32797
32799
32812
32814
32829
32831
32840
32842
32857
32859
32872
32874
32889
32891
32900
32902
32917
32919
32932
32934
32949
32951
32960
32962
32977
32979
32992
32994
33009
33011
33036
33038
33053
33055
33068
33070
33085
33087
33096
33098
33113
33115
33128
33130
33145
33147
33156
33158
33173
33175
33188
33190
33205
33207
33216
33218
33233
33235
33248
33250
33265
33267
33292
33294
33309
33311
33324
33326
33341
33343
33352
33354
33369
33371
33384
33386
33401
33403
33412
33414
33429
33431
33444
33446
33461
33463
33472
33474
33489
33491
33504
33506
33521
33523
33548
33550
33565
33567
33580
33582
33597
33599
33608
33610
33625
33627
33640
33642
33657
33659
33668
33670
33685
33687
33700
33702
33717
33719
33728
33730
33745
33747
33760
33762
33777
33779
33804
33806
33821
33823
33836
33838
33853
33855
33864
33866
33881
33883
33896
33898
33913
33915
33924
33926
33941
33943
33956
33958
33973
33975
33984
33986
34001
34003
34016
34018
34033
34035
34060
34062
34077
34079
34092
34094
34109
34111
34120
34122
34137
34139
34152
34154
34169
34171
34180
34182
34197
34199
34212
34214
34229
34231
34240
34242
34257
34259
34272
34274
34289
34291
34316
34318
34333
34335
34348
34350
34365
34367
34376
34378
34393
34395
34408
34410
34425
34427
34436
34438
34453
34455
34468
34470
34485
34487
34496
34498
34513
34515
34528
34530
34545
34547
34572
34574
34589
34591
34604
34606
34621
34623
34632
34634
34649
34651
34664
34666
34681
34683
34692
34694
34709
34711
34724
34726
34741
34743
34752
34754
34769
34771
34784
34786
34801
34803
34828
34830
34845
34847
34860
34862
34877
34879
34888
34890
34905
34907
34920
34922
34937
34939
34948
34950
34965
34967
34980
34982
34997
34999
35008
35010
35025
35027
35040
35042
35057
35059
35084
35086
35101
35103
35116
35118
35133
35135
35144
35146
35161
35163
35176
35178
35193
35195
35204
35206
35221
35223
35236
35238
35253
35255
35264
35266
35281
35283
35296
35298
35313
35315
35340
35342
35357
35359
35372
35374
35389
35391
35400
35402
35417
35419
35432
35434
35449
35451
35460
35462
35477
35479
35492
35494
35509
35511
35520
35522
35537
35539
35552
35554
35569
35571
35596
35598
35613
35615
35628
35630
35645
35647
35656
35658
35673
35675
35688
35690
35705
35707
35716
35718
35733
35735
35748
35750
35765
35767
35776
35778
35793
35795
35808
35810
35825
35827
35852
35854
35869
35871
35884
35886
35901
35903
35912
35914
35929
35931
35944
35946
35961
35963
35972
35974
35989
35991
36004
36006
36021
36023
36032
36034
36049
36051
36064
36066
36081
36083
36108
36110
36125
36127
36140
36142
36157
36159
36168
36170
36185
36187
36200
36202
36217
36219
36228
36230
36245
36247
36260
36262
36277
36279
36288
36290
36305
36307
36320
36322
36337
36339
36364
36366
36381
36383
36396
36398
36413
36415
36424
36426
36441
36443
36456
36458
36473
36475
36484
36486
36501
36503
36516
36518
36533
36535
36544
36546
36561
36563
36576
36578
36593
36595
36620
36622
36637
36639
36652
36654
36669
36671
36680
36682
36697
36699
36712
36714
36729
36731
36740
36742
36757
36759
36772
36774
36789
36791
36800
36802
36817
36819
36832
36834
36849
36851
36876
36878
36893
36895
36908
36910
36925
36927
36936
36938
36953
36955
36968
36970
36985
36987
36996
36998
37013
37015
37028
37030
37045
37047
37056
37058
37073
37075
37088
37090
37105
37107
37132
37134
37149
37151
37164
37166
37181
37183
37192
37194
37209
37211
37224
37226
37241
37243
37252
37254
37269
37271
37284
37286
37301
37303
37312
37314
37329
37331
37344
37346
37361
37363
37388
37390
37405
37407
37420
37422
37437
37439
37448
37450
37465
37467
37480
37482
37497
37499
37508
37510
37525
37527
37540
37542
37557
37559
37568
37570
37585
37587
37600
37602
37617
37619
37644
37646
37661
37663
37676
37678
37693
37695
37704
37706
37721
37723
37736
37738
37753
37755
37764
37766
37781
37783
37796
37798
37813
37815
37824
37826
37841
37843
37856
37858
37873
37875
37900
37902
37917
37919
37932
37934
37949
37951
37960
37962
37977
37979
37992
37994
38009
38011
38020
38022
38037
38039
38052
38054
38069
38071
38080
38082
38097
38099
38112
38114
38129
38131
38156
38158
38173
38175
38188
38190
38205
38207
38216
38218
38233
38235
38248
38250
38265
38267
38276
38278
38293
38295
38308
38310
38325
38327
38336
38338
38353
38355
38368
38370
38385
38387
38412
38414
38429
38431
38444
38446
38461
38463
38472
38474
38489
38491
38504
38506
38521
38523
38532
38534
38549
38551
38564
38566
38581
38583
38592
38594
38609
38611
38624
38626
38641
38643
38668
38670
38685
38687
38700
38702
38717
38719
38728
38730
38745
38747
38760
38762
38777
38779
38788
38790
38805
38807
38820
38822
38837
38839
38848
38850
38865
38867
38880
38882
38897
38899
38924
38926
38941
38943
38956
38958
38973
38975
38984
38986
39001
39003
39016
39018
39033
39035
39044
39046
39061
39063
39076
39078
39093
39095
39104
39106
39121
39123
39136
39138
39153
39155
39180
39182
39197
39199
39212
39214
39229
39231
39240
39242
39257
39259
39272
39274
39289
39291
39300
39302
39317
39319
39332
39334
39349
39351
39360
39362
39377
39379
39392
39394
39409
39411
39436
39438
39453
39455
39468
39470
39485
39487
39496
39498
39513
39515
39528
39530
39545
39547
39556
39558
39573
39575
39588
39590
39605
39607
39616
39618
39633
39635
39648
39650
39665
39667
39692
39694
39709
39711
39724
39726
39741
39743
39752
39754
39769
39771
39784
39786
39801
39803
39812
39814
39829
39831
39844
39846
39861
39863
39872
39874
39889
39891
39904
39906
39921
39923
39948
39950
39965
39967
39980
39982
39997
39999
40008
40010
40025
40027
40040
40042
40057
40059
40068
40070
40085
40087
40100
40102
40117
40119
40128
40130
40145
40147
40160
40162
40177
40179
40204
40206
40221
40223
40236
40238
40253
40255
40264
40266
40281
40283
40296
40298
40313
40315
40324
40326
40341
40343
40356
40358
40373
40375
40384
40386
40401
40403
40416
40418
40433
40435
40460
40462
40477
40479
40492
40494
40509
40511
40520
40522
40537
40539
40552
40554
40569
40571
40580
40582
40597
40599
40612
40614
40629
40631
40640
40642
40657
40659
40672
40674
40689
40691
40716
40718
40733
40735
40748
40750
40765
40767
40776
40778
40793
40795
40808
40810
40825
40827
40836
40838
40853
40855
40868
40870
40885
40887
40896
40898
40913
40915
40928
40930
40945
40947
40972
40974
40989
40991
41004
41006
41021
41023
41032
41034
41049
41051
41064
41066
41081
41083
41092
41094
41109
41111
41124
41126
41141
41143
41152
41154
41169
41171
41184
41186
41201
41203
41228
41230
41245
41247
41260
41262
41277
41279
41288
41290
41305
41307
41320
41322
41337
41339
41348
41350
41365
41367
41380
41382
41397
41399
41408
41410
41425
41427
41440
41442
41457
41459
41484
41486
41501
41503
41516
41518
41533
41535
41544
41546
41561
41563
41576
41578
41593
41595
41604
41606
41621
41623
41636
41638
41653
41655
41664
41666
41681
41683
41696
41698
41713
41715
41740
41742
41757
41759
41772
41774
41789
41791
41800
41802
41817
41819
41832
41834
41849
41851
41860
41862
41877
41879
41892
41894
41909
41911
41920
41922
41937
41939
41952
41954
41969
41971
41996
41998
42013
42015
42028
42030
42045
42047
42056
42058
42073
42075
42088
42090
42105
42107
42116
42118
42133
42135
42148
42150
42165
42167
42176
42178
42193
42195
42208
42210
42225
42227
42252
42254
42269
42271
42284
42286
42301
42303
42312
42314
42329
42331
42344
42346
42361
42363
42372
42374
42389
42391
42404
42406
42421
42423
42432
42434
42449
42451
42464
42466
42481
42483
42508
42510
42525
42527
42540
42542
42557
42559
42568
42570
42585
42587
42600
42602
42617
42619
42628
42630
42645
42647
42660
42662
42677
42679
42688
42690
42705
42707
42720
42722
42737
42739
42764
42766
42781
42783
42796
42798
42813
42815
42824
42826
42841
42843
42856
42858
42873
42875
42884
42886
42901
42903
42916
42918
42933
42935
42944
42946
42961
42963
42976
42978
42993
42995
43020
43022
43037
43039
43052
43054
43069
43071
43080
43082
43097
43099
43112
43114
43129
43131
43140
43142
43157
43159
43172
43174
43189
43191
43200
43202
43217
43219
43232
43234
43249
43251
43276
43278
43293
43295
43308
43310
43325
43327
43336
43338
43353
43355
43368
43370
43385
43387
43396
43398
43413
43415
43428
43430
43445
43447
43456
43458
43473
43475
43488
43490
43505
43507
43532
43534
43549
43551
43564
43566
43581
43583
43592
43594
43609
43611
43624
43626
43641
43643
43652
43654
43669
43671
43684
43686
43701
43703
43712
43714
43729
43731
43744
43746
43761
43763
43788
43790
43805
43807
43820
43822
43837
43839
43848
43850
43865
43867
43880
43882
43897
43899
43908
43910
43925
43927
43940
43942
43957
43959
43968
43970
43985
43987
44000
44002
44017
44019
44044
44046
44061
44063
44076
44078
44093
44095
44104
44106
44121
44123
44136
44138
44153
44155
44164
44166
44181
44183
44196
44198
44213
44215
44224
44226
44241
44243
44256
44258
44273
44275
44300
44302
44317
44319
44332
44334
44349
44351
44360
44362
44377
44379
44392
44394
44409
44411
44420
44422
44437
44439
44452
44454
44469
44471
44480
44482
44497
44499
44512
44514
44529
44531
44556
44558
44573
44575
44588
44590
44605
44607
44616
44618
44633
44635
44648
44650
44665
44667
44676
44678
44693
44695
44708
44710
44725
44727
44736
44738
44753
44755
44768
44770
44785
44787
44812
44814
44829
44831
44844
44846
44861
44863
44872
44874
44889
44891
44904
44906
44921
44923
44932
44934
44949
44951
44964
44966
44981
44983
44992
44994
45009
45011
45024
45026
45041
45043
45068
45070
45085
45087
45100
45102
45117
45119
45128
45130
45145
45147
45160
45162
45177
45179
45188
45190
45205
45207
45220
45222
45237
45239
45248
45250
45265
45267
45280
45282
45297
45299
45324
45326
45341
45343
45356
45358
45373
45375
45384
45386
45401
45403
45416
45418
45433
45435
45444
45446
45461
45463
45476
45478
45493
45495
45504
45506
45521
45523
45536
45538
45553
45555
45580
45582
45597
45599
45612
45614
45629
45631
45640
45642
45657
45659
45672
45674
45689
45691
45700
45702
45717
45719
45732
45734
45749
45751
45760
45762
45777
45779
45792
45794
45809
45811
45836
45838
45853
45855
45868
45870
45885
45887
45896
45898
45913
45915
45928
45930
45945
45947
45956
45958
45973
45975
45988
45990
46005
46007
46016
46018
46033
46035
46048
46050
46065
46067
46092
46094
46109
46111
46124
46126
46141
46143
46152
46154
46169
46171
46184
46186
46201
46203
46212
46214
46229
46231
46244
46246
46261
46263
46272
46274
46289
46291
46304
46306
46321
46323
46348
46350
46365
46367
46380
46382
46397
46399
46408
46410
46425
46427
46440
46442
46457
46459
46468
46470
46485
46487
46500
46502
46517
46519
46528
46530
46545
46547
46560
46562
46577
46579
46604
46606
46621
46623
46636
46638
46653
46655
46664
46666
46681
46683
46696
46698
46713
46715
46724
46726
46741
46743
46756
46758
46773
46775
46784
46786
46801
46803
46816
46818
46833
46835
46860
46862
46877
46879
46892
46894
46909
46911
46920
46922
46937
46939
46952
46954
46969
46971
46980
46982
46997
46999
47012
47014
47029
47031
47040
47042
47057
47059
47072
47074
47089
47091
47116
47118
47133
47135
47148
47150
47165
47167
47176
47178
47193
47195
47208
47210
47225
47227
47236
47238
47253
47255
47268
47270
47285
47287
47296
47298
47313
47315
47328
47330
47345
47347
47372
47374
47389
47391
47404
47406
47421
47423
47432
47434
47449
47451
47464
47466
47481
47483
47492
47494
47509
47511
47524
47526
47541
47543
47552
47554
47569
47571
47584
47586
47601
47603
47628
47630
47645
47647
47660
47662
47677
47679
47688
47690
47705
47707
47720
47722
47737
47739
47748
47750
47765
47767
47780
47782
47797
47799
47808
47810
47825
47827
47840
47842
47857
47859
47884
47886
47901
47903
47916
47918
47933
47935
47944
47946
47961
47963
47976
47978
47993
47995
48004
48006
48021
48023
48036
48038
48053
48055
48064
48066
48081
48083
48096
48098
48113
48115
48140
48142
48157
48159
48172
48174
48189
48191
48200
48202
48217
48219
48232
48234
48249
48251
48260
48262
48277
48279
48292
48294
48309
48311
48320
48322
48337
48339
48352
48354
48369
48371
48396
48398
48413
48415
48428
48430
48445
48447
48456
48458
48473
48475
48488
48490
48505
48507
48516
48518
48533
48535
48548
48550
48565
48567
48576
48578
48593
48595
48608
48610
48625
48627
48652
48654
48669
48671
48684
48686
48701
48703
48712
48714
48729
48731
48744
48746
48761
48763
48772
48774
48789
48791
48804
48806
48821
48823
48832
48834
48849
48851
48864
48866
48881
48883
48908
48910
48925
48927
48940
48942
48957
48959
48968
48970
48985
48987
49000
49002
49017
49019
49028
49030
49045
49047
49060
49062
49077
49079
49088
49090
49105
49107
49120
49122
49137
49139
49164
49166
49181
49183
49196
49198
49213
49215
49224
49226
49241
49243
49256
49258
49273
49275
49284
49286
49301
49303
49316
49318
49333
49335
49344
49346
49361
49363
49376
49378
49393
49395
49420
49422
49437
49439
49452
49454
49469
49471
49480
49482
49497
49499
49512
49514
49529
49531
49540
49542
49557
49559
49572
49574
49589
49591
49600
49602
49617
49619
49632
49634
49649
49651
49676
49678
49693
49695
49708
49710
49725
49727
49736
49738
49753
49755
49768
49770
49785
49787
49796
49798
49813
49815
49828
49830
49845
49847
49856
49858
49873
49875
49888
49890
49905
49907
49932
49934
49949
49951
49964
49966
49981
49983
49992
49994
50009
50011
50024
50026
50041
50043
50052
50054
50069
50071
50084
50086
50101
50103
50112
50114
50129
50131
50144
50146
50161
50163
50188
50190
50205
50207
50220
50222
50237
50239
50248
50250
50265
50267
50280
50282
50297
50299
50308
50310
50325
50327
50340
50342
50357
50359
50368
50370
50385
50387
50400
50402
50417
50419
50444
50446
50461
50463
50476
50478
50493
50495
50504
50506
50521
50523
50536
50538
50553
50555
50564
50566
50581
50583
50596
50598
50613
50615
50624
50626
50641
50643
50656
50658
50673
50675
50700
50702
50717
50719
50732
50734
50749
50751
50760
50762
50777
50779
50792
50794
50809
50811
50820
50822
50837
50839
50852
50854
50869
50871
50880
50882
50897
50899
50912
50914
50929
50931
50956
50958
50973
50975
50988
50990
51005
51007
51016
51018
51033
51035
51048
51050
51065
51067
51076
51078
51093
51095
51108
51110
51125
51127
51136
51138
51153
51155
51168
51170
51185
51187
51212
51214
51229
51231
51244
51246
51261
51263
51272
51274
51289
51291
51304
51306
51321
51323
51332
51334
51349
51351
51364
51366
51381
51383
51392
51394
51409
51411
51424
51426
51441
51443
51468
51470
51485
51487
51500
51502
51517
51519
51528
51530
51545
51547
51560
51562
51577
51579
51588
51590
51605
51607
51620
51622
51637
51639
51648
51650
51665
51667
51680
51682
51697
51699
51724
51726
51741
51743
51756
51758
51773
51775
51784
51786
51801
51803
51816
51818
51833
51835
51844
51846
51861
51863
51876
51878
51893
51895
51904
51906
51921
51923
51936
51938
51953
51955
51980
51982
51997
51999
52012
52014
52029
52031
52040
52042
52057
52059
52072
52074
52089
52091
52100
52102
52117
52119
52132
52134
52149
52151
52160
52162
52177
52179
52192
52194
52209
52211
52236
52238
52253
52255
52268
52270
52285
52287
52296
52298
52313
52315
52328
52330
52345
52347
52356
52358
52373
52375
52388
52390
52405
52407
52416
52418
52433
52435
52448
52450
52465
52467
52492
52494
52509
52511
52524
52526
52541
52543
52552
52554
52569
52571
52584
52586
52601
52603
52612
52614
52629
52631
52644
52646
52661
52663
52672
52674
52689
52691
52704
52706
52721
52723
52748
52750
52765
52767
52780
52782
52797
52799
52808
52810
52825
52827
52840
52842
52857
52859
52868
52870
52885
52887
52900
52902
52917
52919
52928
52930
52945
52947
52960
52962
52977
52979
53004
53006
53021
53023
53036
53038
53053
53055
53064
53066
53081
53083
53096
53098
53113
53115
53124
53126
53141
53143
53156
53158
53173
53175
53184
53186
53201
53203
53216
53218
53233
53235
53260
53262
53277
53279
53292
53294
53309
53311
53320
53322
53337
53339
53352
53354
53369
53371
53380
53382
53397
53399
53412
53414
53429
53431
53440
53442
53457
53459
53472
53474
53489
53491
53516
53518
53533
53535
53548
53550
53565
53567
53576
53578
53593
53595
53608
53610
53625
53627
53636
53638
53653
53655
53668
53670
53685
53687
53696
53698
53713
53715
53728
53730
53745
53747
53772
53774
53789
53791
53804
53806
53821
53823
53832
53834
53849
53851
53864
53866
53881
53883
53892
53894
53909
53911
53924
53926
53941
53943
53952
53954
53969
53971
53984
53986
54001
54003
54028
54030
54045
54047
54060
54062
54077
54079
54088
54090
54105
54107
54120
54122
54137
54139
54148
54150
54165
54167
54180
54182
54197
54199
54208
54210
54225
54227
54240
54242
54257
54259
54284
54286
54301
54303
54316
54318
54333
54335
54344
54346
54361
54363
54376
54378
54393
54395
54404
54406
54421
54423
54436
54438
54453
54455
54464
54466
54481
54483
54496
54498
54513
54515
54540
54542
54557
54559
54572
54574
54589
54591
54600
54602
54617
54619
54632
54634
54649
54651
54660
54662
54677
54679
54692
54694
54709
54711
54720
54722
54737
54739
54752
54754
54769
54771
54796
54798
54813
54815
54828
54830
54845
54847
54856
54858
54873
54875
54888
54890
54905
54907
54916
54918
54933
54935
54948
54950
54965
54967
54976
54978
54993
54995
55008
55010
55025
55027
55052
55054
55069
55071
55084
55086
55101
55103
55112
55114
55129
55131
55144
55146
55161
55163
55172
55174
55189
55191
55204
55206
55221
55223
55232
55234
55249
55251
55264
55266
55281
55283
55308
55310
55325
55327
55340
55342
55357
55359
55368
55370
55385
55387
55400
55402
55417
55419
55428
55430
55445
55447
55460
55462
55477
55479
55488
55490
55505
55507
55520
55522
55537
55539
55564
55566
55581
55583
55596
55598
55613
55615
55624
55626
55641
55643
55656
55658
55673
55675
55684
55686
55701
55703
55716
55718
55733
55735
55744
55746
55761
55763
55776
55778
55793
55795
55820
55822
55837
55839
55852
55854
55869
55871
55880
55882
55897
55899
55912
55914
55929
55931
55940
55942
55957
55959
55972
55974
55989
55991
56000
56002
56017
56019
56032
56034
56049
56051
56076
56078
56093
56095
56108
56110
56125
56127
56136
56138
56153
56155
56168
56170
56185
56187
56196
56198
56213
56215
56228
56230
56245
56247
56256
56258
56273
56275
56288
56290
56305
56307
56332
56334
56349
56351
56364
56366
56381
56383
56392
56394
56409
56411
56424
56426
56441
56443
56452
56454
56469
56471
56484
56486
56501
56503
56512
56514
56529
56531
56544
56546
56561
56563
56588
56590
56605
56607
56620
56622
56637
56639
56648
56650
56665
56667
56680
56682
56697
56699
56708
56710
56725
56727
56740
56742
56757
56759
56768
56770
56785
56787
56800
56802
56817
56819
56844
56846
56861
56863
56876
56878
56893
56895
56904
56906
56921
56923
56936
56938
56953
56955
56964
56966
56981
56983
56996
56998
57013
57015
57024
57026
57041
57043
57056
57058
57073
57075
57100
57102
57117
57119
57132
57134
57149
57151
57160
57162
57177
57179
57192
57194
57209
57211
57220
57222
57237
57239
57252
57254
57269
57271
57280
57282
57297
57299
57312
57314
57329
57331
57356
57358
57373
57375
57388
57390
57405
57407
57416
57418
57433
57435
57448
57450
57465
57467
57476
57478
57493
57495
57508
57510
57525
57527
57536
57538
57553
57555
57568
57570
57585
57587
57612
57614
57629
57631
57644
57646
57661
57663
57672
57674
57689
57691
57704
57706
57721
57723
57732
57734
57749
57751
57764
57766
57781
57783
57792
57794
57809
57811
57824
57826
57841
57843
57868
57870
57885
57887
57900
57902
57917
57919
57928
57930
57945
57947
57960
57962
57977
57979
57988
57990
58005
58007
58020
58022
58037
58039
58048
58050
58065
58067
58080
58082
58097
58099
58124
58126
58141
58143
58156
58158
58173
58175
58184
58186
58201
58203
58216
58218
58233
58235
58244
58246
58261
58263
58276
58278
58293
58295
58304
58306
58321
58323
58336
58338
58353
58355
58380
58382
58397
58399
58412
58414
58429
58431
58440
58442
58457
58459
58472
58474
58489
58491
58500
58502
58517
58519
58532
58534
58549
58551
58560
58562
58577
58579
58592
58594
58609
58611
58636
58638
58653
58655
58668
58670
58685
58687
58696
58698
58713
58715
58728
58730
58745
58747
58756
58758
58773
58775
58788
58790
58805
58807
58816
58818
58833
58835
58848
58850
58865
58867
58892
58894
58909
58911
58924
58926
58941
58943
58952
58954
58969
58971
58984
58986
59001
59003
59012
59014
59029
59031
59044
59046
59061
59063
59072
59074
59089
59091
59104
59106
59121
59123
59148
59150
59165
59167
59180
59182
59197
59199
59208
59210
59225
59227
59240
59242
59257
59259
59268
59270
59285
59287
59300
59302
59317
59319
59328
59330
59345
59347
59360
59362
59377
59379
59404
59406
59421
59423
59436
59438
59453
59455
59464
59466
59481
59483
59496
59498
59513
59515
59524
59526
59541
59543
59556
59558
59573
59575
59584
59586
59601
59603
59616
59618
59633
59635
59660
59662
59677
59679
59692
59694
59709
59711
59720
59722
59737
59739
59752
59754
59769
59771
59780
59782
59797
59799
59812
59814
59829
59831
59840
59842
59857
59859
59872
59874
59889
59891
59916
59918
59933
59935
59948
59950
59965
59967
59976
59978
59993
59995
60008
60010
60025
60027
60036
60038
60053
60055
60068
60070
60085
60087
60096
60098
60113
60115
60128
60130
60145
60147
60172
60174
60189
60191
60204
60206
60221
60223
60232
60234
60249
60251
60264
60266
60281
60283
60292
60294
60309
60311
60324
60326
60341
60343
60352
60354
60369
60371
60384
60386
60401
60403
60428
60430
60445
60447
60460
60462
60477
60479
60488
60490
60505
60507
60520
60522
60537
60539
60548
60550
60565
60567
60580
60582
60597
60599
60608
60610
60625
60627
60640
60642
60657
60659
60684
60686
60701
60703
60716
60718
60733
60735
60744
60746
60761
60763
60776
60778
60793
60795
60804
60806
60821
60823
60836
60838
60853
60855
60864
60866
60881
60883
60896
60898
60913
60915
60940
60942
60957
60959
60972
60974
60989
60991
61000
61002
61017
61019
61032
61034
61049
61051
61060
61062
61077
61079
61092
61094
61109
61111
61120
61122
61137
61139
61152
61154
61169
61171
61196
61198
61213
61215
61228
61230
61245
61247
61256
61258
61273
61275
61288
61290
61305
61307
61316
61318
61333
61335
61348
61350
61365
61367
61376
61378
61393
61395
61408
61410
61425
61427
61452
61454
61469
61471
61484
61486
61501
61503
61512
61514
61529
61531
61544
61546
61561
61563
61572
61574
61589
61591
61604
61606
61621
61623
61632
61634
61649
61651
61664
61666
61681
61683
61708
61710
61725
61727
61740
61742
61757
61759
61768
61770
61785
61787
61800
61802
61817
61819
61828
61830
61845
61847
61860
61862
61877
61879
61888
61890
61905
61907
61920
61922
61937
61939
61964
61966
61981
61983
61996
61998
62013
62015
62024
62026
62041
62043
62056
62058
62073
62075
62084
62086
62101
62103
62116
62118
62133
62135
62144
62146
62161
62163
62176
62178
62193
62195
62220
62222
62237
62239
62252
62254
62269
62271
62280
62282
62297
62299
62312
62314
62329
62331
62340
62342
62357
62359
62372
62374
62389
62391
62400
62402
62417
62419
62432
62434
62449
62451
62476
62478
62493
62495
62508
62510
62525
62527
62536
62538
62553
62555
62568
62570
62585
62587
62596
62598
62613
62615
62628
62630
62645
62647
62656
62658
62673
62675
62688
62690
62705
62707
62732
62734
62749
62751
62764
62766
62781
62783
62792
62794
62809
62811
62824
62826
62841
62843
62852
62854
62869
62871
62884
62886
62901
62903
62912
62914
62929
62931
62944
62946
62961
62963
62988
62990
63005
63007
63020
63022
63037
63039
63048
63050
63065
63067
63080
63082
63097
63099
63108
63110
63125
63127
63140
63142
63157
63159
63168
63170
63185
63187
63200
63202
63217
63219
63244
63246
63261
63263
63276
63278
63293
63295
63304
63306
63321
63323
63336
63338
63353
63355
63364
63366
63381
63383
63396
63398
63413
63415
63424
63426
63441
63443
63456
63458
63473
63475
63500
63502
63517
63519
63532
63534
63549
63551
63560
63562
63577
63579
63592
63594
63609
63611
63620
63622
63637
63639
63652
63654
63669
63671
63680
63682
63697
63699
63712
63714
63729
63731
63756
63758
63773
63775
63788
63790
63805
63807
63816
63818
63833
63835
63848
63850
63865
63867
63876
63878
63893
63895
63908
63910
63925
63927
63936
63938
63953
63955
63968
63970
63985
63987
64012
64014
64029
64031
64044
64046
64061
64063
64072
64074
64089
64091
64104
64106
64121
64123
64132
64134
64149
64151
64164
64166
64181
64183
64192
64194
64209
64211
64224
64226
64241
64243
64268
64270
64285
64287
64300
64302
64317
64319
64328
64330
64345
64347
64360
64362
64377
64379
64388
64390
64405
64407
64420
64422
64437
64439
64448
64450
64465
64467
64480
64482
64497
64499
64524
64526
64541
64543
64556
64558
64573
64575
64584
64586
64601
64603
64616
64618
64633
64635
64644
64646
64661
64663
64676
64678
64693
64695
64704
64706
64721
64723
64736
64738
64753
64755
64780
64782
64797
64799
64812
64814
64829
64831
64840
64842
64857
64859
64872
64874
64889
64891
64900
64902
64917
64919
64932
64934
64949
64951
64960
64962
64977
64979
64992
64994
65009
65011
65036
65038
65053
65055
65068
65070
65085
65087
65096
65098
65113
65115
65128
65130
65145
65147
65156
65158
65173
65175
65188
65190
65205
65207
65216
65218
65233
65235
65248
65250
65265
65267
65292
65294
65309
65311
65324
65326
65341
65343
65352
65354
65369
65371
65384
65386
65401
65403
65412
65414
65429
65431
65444
65446
65461
65463
65472
65474
65489
65491
65504
65506
65521
65523
