==================
#define diff 1
#define diffpos1 0
#define diffpos2 6
#define keypos1 1
#define keypos2 5
#define keypos3 7
=========All========
9 9 1 5 7 1 5 7
====================   k2[1]=k3[1]; k2[5]=k3[1]; 
9 9 0 0 0 0 0 0
9 9 0 0 0 0 0 1
9 9 0 0 1 0 0 0
9 9 0 0 1 0 0 1
9 9 0 1 0 0 1 0
9 9 0 1 0 0 1 1
9 9 0 1 1 0 1 0
9 9 0 1 1 0 1 1
9 9 1 0 0 1 0 0
9 9 1 0 0 1 0 1
9 9 1 0 1 1 0 0
9 9 1 0 1 1 0 1
9 9 1 1 0 1 1 0
9 9 1 1 0 1 1 1
9 9 1 1 1 1 1 0
9 9 1 1 1 1 1 1
max=817
The 0-th =817
Ketcount=16
Ketcount rate=0.250000

#################################################################################


#define diff 2
#define diffpos1 5
#define diffpos2 7
#define keypos1 0
#define keypos2 4
#define keypos3 6
=========All========
9 9 0 4 6 0 4 6
====================k2[0]=k3[0];k2[4]=k3[4]
9 9 0 0 0 0 0 0
9 9 0 0 0 0 0 1
9 9 0 0 1 0 0 0
9 9 0 0 1 0 0 1
9 9 0 1 0 0 1 0
9 9 0 1 0 0 1 1
9 9 0 1 1 0 1 0
9 9 0 1 1 0 1 1
9 9 1 0 0 1 0 0
9 9 1 0 0 1 0 1
9 9 1 0 1 1 0 0
9 9 1 0 1 1 0 1
9 9 1 1 0 1 1 0
9 9 1 1 0 1 1 1
9 9 1 1 1 1 1 0
9 9 1 1 1 1 1 1

max=815
The 0-th =815
Ketcount=16
Ketcount rate=0.250000

#################################################################################

#define diff 8
#define diffpos1 3
#define diffpos2 5
#define keypos1 2
#define keypos2 4
#define keypos3 6
=========All========
9 9 2 4 6 2 4 6
====================k2[2]=k3[2];k2[6]=k3[6]
9 9 0 0 0 0 0 0
9 9 0 0 0 0 1 0
9 9 0 0 1 0 0 1
9 9 0 0 1 0 1 1
9 9 0 1 0 0 0 0
9 9 0 1 0 0 1 0
9 9 0 1 1 0 0 1
9 9 0 1 1 0 1 1
9 9 1 0 0 1 0 0
9 9 1 0 0 1 1 0
9 9 1 0 1 1 0 1
9 9 1 0 1 1 1 1
9 9 1 1 0 1 0 0
9 9 1 1 0 1 1 0
9 9 1 1 1 1 0 1
9 9 1 1 1 1 1 1
max=824
The 0-th =824
Ketcount=16
Ketcount rate=0.250000
#################################################################################

#define diff 4
#define diffpos1 4
#define diffpos2 6
#define keypos1 3
#define keypos2 5
#define keypos3 7
=========All========
9 9 3 5 7 3 5 7
====================k2[3]=k3[3];k2[7]=k3[7]
9 9 0 0 0 0 0 0
9 9 0 0 0 0 1 0
9 9 0 0 1 0 0 1
9 9 0 0 1 0 1 1
9 9 0 1 0 0 0 0
9 9 0 1 0 0 1 0
9 9 0 1 1 0 0 1
9 9 0 1 1 0 1 1
9 9 1 0 0 1 0 0
9 9 1 0 0 1 1 0
9 9 1 0 1 1 0 1
9 9 1 0 1 1 1 1
9 9 1 1 0 1 0 0
9 9 1 1 0 1 1 0
9 9 1 1 1 1 0 1
9 9 1 1 1 1 1 1
max=806
The 0-th =806
Ketcount=16
Ketcount rate=0.250000

